1588642572.8967388,[13, 2, 10],[0]
1588642583.5485876,[13, 2, 10],[0]
1588642594.181769,[13, 2, 10],[0]
1588642604.8851404,[13, 2, 10],[0]
1588642616.3510518,[13, 2, 10],[0]
1588642627.0502226,[13, 2, 10],[0]
1588642637.6980004,[13, 2, 10],[0]
1588642648.3468852,[13, 2, 10],[0]
1588642658.9875267,[13, 2, 10],[0]
1588642669.6229606,[13, 2, 10],[0]
1588642680.2579696,[13, 2, 10],[0]
1588642690.9006262,[13, 2, 10],[0]
1588642701.5456548,[13, 2, 10],[0]
1588642712.2622335,[12, 2, 10],[0]
1588642722.9644923,[12, 2, 10],[0]
1588642733.780839,[10, 2, 10],[0]
1588642744.4743629,[10, 2, 10],[0]
1588642755.1694498,[10, 2, 10],[0]
1588642765.9042323,[10, 2, 9],[0]
1588642776.693155,[9, 2, 9],[0]
1588642787.4743116,[8, 2, 8],[0]
1588642798.2173424,[8, 2, 6],[0]
1588642808.9107866,[7, 2, 6],[0]
1588642819.5916939,[7, 2, 6],[0]
1588642830.2428122,[7, 2, 6],[0]
1588642840.8967106,[7, 2, 6],[0]
1588642852.43662,[7, 2, 4],[0]
1588642863.0994813,[7, 2, 4],[0]
1588642873.890424,[5, 2, 3],[0]
1588642884.622013,[4, 2, 3],[0]
1588642895.379058,[4, 1, 3],[0]
1588642906.0798068,[4, 2, 3],[1]
1588642916.8257768,[3, 2, 3],[1]
1588642927.5294075,[3, 2, 3],[1]
1588642938.278858,[3, 1, 3],[1]
1588642949.0902987,[3, 2, 0],[2]
1588642959.7507772,[3, 2, 1],[3]
1588642970.4204059,[3, 2, 2],[4]
1588642981.099871,[3, 2, 2],[4]
1588642991.7661698,[3, 2, 2],[4]
1588643002.430655,[3, 2, 2],[4]
1588643013.0983498,[3, 2, 2],[4]
1588643023.7703736,[3, 2, 2],[4]
1588643034.4423423,[3, 2, 2],[4]
1588643045.1092074,[3, 2, 2],[4]
1588643055.7901566,[3, 2, 2],[4]
1588643066.4663887,[3, 2, 2],[4]
1588643077.1497746,[3, 2, 2],[4]
1588643087.8241827,[3, 2, 2],[4]
1588643098.4979696,[3, 2, 2],[4]
1588643109.1701388,[3, 2, 2],[4]
1588643119.8306682,[3, 2, 2],[4]
1588643130.5141954,[3, 2, 2],[4]
1588643141.2717984,[3, 2, 2],[4]
1588643152.924412,[3, 2, 2],[4]
1588643163.624582,[3, 2, 2],[4]
1588643174.3150756,[3, 2, 2],[4]
1588643184.9996333,[3, 2, 2],[4]
1588643195.6714609,[3, 2, 2],[4]
1588643206.3521903,[3, 2, 2],[4]
1588643217.5223904,[3, 2, 2],[4]
1588643228.2730353,[3, 2, 2],[4]
1588643239.0117023,[3, 2, 2],[4]
1588643249.7148776,[3, 2, 2],[4]
1588643260.4113324,[3, 2, 2],[4]
1588643271.1093252,[3, 2, 2],[4]
1588643281.7967255,[3, 2, 2],[4]
1588643292.5519512,[3, 2, 2],[4]
1588643303.2801905,[3, 2, 2],[4]
1588643313.976252,[3, 2, 2],[4]
1588643324.6625543,[3, 2, 2],[4]
1588643335.3748214,[3, 2, 2],[4]
1588643346.0760756,[3, 2, 2],[4]
1588643356.843482,[3, 2, 2],[4]
1588643367.603609,[3, 2, 2],[4]
1588643378.5365996,[3, 2, 2],[4]
1588643389.2736645,[3, 2, 2],[4]
1588643399.9810421,[3, 2, 2],[4]
1588643411.71155,[3, 2, 2],[4]
1588643422.468736,[3, 2, 2],[4]
1588643433.202204,[3, 2, 2],[4]
1588643443.9104657,[3, 2, 2],[4]
1588643454.6891332,[3, 2, 2],[4]
1588643465.4170995,[3, 2, 2],[4]
1588643476.138472,[3, 2, 2],[4]
1588643486.862866,[3, 2, 2],[4]
1588643497.5698874,[3, 2, 2],[4]
1588643508.2849429,[3, 2, 2],[4]
1588643519.0557957,[3, 2, 2],[4]
1588643529.7718155,[3, 2, 2],[4]
1588643540.483901,[3, 2, 2],[4]
1588643551.2152865,[3, 2, 2],[4]
1588643561.9678438,[3, 2, 2],[4]
1588643572.7220266,[3, 2, 2],[4]
1588643583.4591203,[3, 2, 2],[4]
1588643594.1726298,[3, 2, 2],[4]
1588643604.8794918,[3, 2, 2],[4]
1588643615.6259854,[3, 2, 2],[4]
1588643626.3309677,[3, 2, 2],[4]
1588643637.0410109,[3, 2, 2],[4]
1588643647.7681062,[3, 2, 2],[4]
1588643658.478933,[3, 2, 2],[4]
1588643669.1908603,[3, 2, 2],[4]
1588643679.9045386,[3, 2, 2],[4]
1588643690.6168628,[3, 2, 2],[4]
1588643702.403606,[3, 2, 2],[4]
1588643713.1214635,[3, 2, 2],[4]
1588643723.837804,[3, 2, 2],[4]
1588643734.5591218,[3, 2, 2],[4]
1588643745.2717605,[3, 2, 2],[4]
1588643755.9888463,[3, 2, 2],[4]
1588643766.7235394,[3, 2, 2],[4]
1588643777.4531085,[3, 2, 2],[4]
1588643788.1860948,[3, 2, 2],[4]
1588643798.9048576,[3, 2, 2],[4]
1588643809.687081,[3, 2, 2],[4]
1588643820.4174297,[3, 2, 2],[4]
1588643831.163825,[3, 2, 2],[4]
1588643841.8896875,[3, 2, 2],[4]
1588643852.657203,[3, 2, 2],[4]
1588643863.4107964,[3, 2, 2],[4]
1588643874.1494653,[3, 2, 2],[4]
1588643884.8650854,[3, 2, 2],[4]
1588643895.6432137,[3, 2, 2],[4]
1588643906.4601462,[3, 2, 2],[4]
1588643917.2197797,[3, 2, 2],[4]
1588643928.923264,[3, 2, 2],[4]
1588643939.7278183,[3, 2, 2],[4]
1588643950.487108,[3, 2, 2],[4]
1588643961.258761,[3, 2, 2],[4]
1588643972.0383615,[3, 2, 2],[4]
1588643982.785678,[3, 2, 2],[4]
1588643993.538048,[3, 2, 2],[4]
1588644005.4483814,[3, 2, 2],[4]
1588644016.2437658,[3, 2, 2],[4]
1588644027.045424,[3, 2, 2],[4]
1588644037.8699818,[3, 2, 2],[4]
1588644048.6297922,[3, 2, 2],[4]
1588644059.4918914,[3, 2, 2],[4]
1588644070.247716,[3, 2, 2],[4]
1588644080.9889684,[3, 2, 2],[4]
1588644091.7751946,[3, 2, 2],[4]
1588644102.5682046,[3, 2, 2],[4]
1588644113.467983,[3, 1, 2],[3]
1588644124.2830718,[3, 2, 2],[4]
1588644135.0767696,[3, 2, 2],[4]
1588644145.8368914,[3, 2, 2],[4]
1588644156.7163982,[3, 1, 2],[3]
1588644167.8050995,[3, 2, 1],[3]
1588644178.676153,[3, 2, 1],[3]
1588644189.4849832,[3, 2, 2],[4]
1588644200.2895782,[3, 2, 2],[4]
1588644211.1125345,[3, 2, 2],[4]
1588644221.9340825,[3, 2, 2],[4]
1588644232.6847873,[3, 2, 2],[4]
1588644243.4353487,[3, 2, 2],[4]
1588644254.2062802,[3, 2, 2],[4]
1588644264.9747102,[3, 2, 2],[4]
1588644275.7794383,[3, 2, 2],[4]
1588644286.5396383,[3, 2, 2],[4]
1588644297.3018472,[3, 2, 2],[4]
1588644308.0625415,[3, 2, 2],[4]
1588644318.8209546,[3, 2, 2],[4]
1588644330.845595,[3, 2, 2],[4]
1588644342.7288034,[3, 2, 2],[4]
1588644353.5842838,[3, 2, 2],[4]
1588644364.4069278,[3, 2, 2],[4]
1588644375.2363331,[3, 2, 2],[4]
1588644386.0799797,[3, 2, 2],[4]
1588644396.9024527,[3, 2, 2],[4]
1588644407.708719,[3, 2, 2],[4]
1588644418.5141082,[3, 2, 2],[4]
1588644429.3525088,[3, 2, 2],[4]
1588644440.1278718,[3, 2, 2],[4]
1588644450.916135,[3, 2, 2],[4]
1588644461.7654557,[3, 2, 2],[4]
1588644472.603757,[3, 2, 2],[4]
1588644483.3827226,[3, 2, 2],[4]
1588644494.1511965,[3, 2, 2],[4]
1588644504.9236188,[3, 2, 2],[4]
1588644515.7048461,[3, 2, 2],[4]
1588644526.4772854,[3, 2, 2],[4]
1588644537.2421749,[3, 2, 2],[4]
1588644548.0123804,[3, 2, 2],[4]
1588644558.798748,[3, 2, 2],[4]
1588644569.60592,[3, 2, 2],[4]
1588644580.4381764,[3, 2, 2],[4]
1588644591.2410169,[3, 2, 2],[4]
1588644602.0276966,[3, 2, 2],[4]
1588644612.8068075,[3, 2, 2],[4]
1588644623.595195,[3, 2, 2],[4]
1588644634.3808591,[3, 2, 2],[4]
1588644645.1653018,[3, 2, 2],[4]
1588644657.3346322,[3, 2, 2],[4]
1588644668.1524484,[3, 2, 2],[4]
1588644678.940931,[3, 2, 2],[4]
1588644689.7443852,[3, 2, 2],[4]
1588644700.541329,[3, 2, 2],[4]
1588644711.3468726,[3, 2, 2],[4]
1588644722.1399508,[3, 2, 2],[4]
1588644733.0017657,[3, 2, 2],[4]
1588644743.896018,[3, 2, 2],[4]
1588644754.736349,[3, 2, 2],[4]
1588644765.5447206,[3, 2, 2],[4]
1588644776.3753126,[3, 2, 2],[4]
1588644787.2014127,[3, 2, 2],[4]
1588644798.0027099,[3, 2, 2],[4]
1588644808.7960927,[3, 2, 2],[4]
1588644819.5994124,[3, 2, 2],[4]
1588644830.4035234,[3, 2, 2],[4]
1588644841.2168443,[3, 2, 2],[4]
1588644852.0181851,[3, 2, 2],[4]
1588644862.8216212,[3, 2, 2],[4]
1588644873.6158068,[3, 2, 2],[4]
1588644884.4146152,[3, 2, 2],[4]
1588644895.242069,[3, 2, 2],[4]
1588644906.1416032,[3, 2, 2],[4]
1588644916.9947844,[3, 2, 2],[4]
1588644927.8110843,[3, 2, 2],[4]
1588644938.6242733,[3, 2, 2],[4]
1588644949.4286277,[3, 2, 2],[4]
1588644960.2215135,[3, 2, 2],[4]
1588644971.1251638,[3, 2, 2],[4]
1588644982.009294,[3, 2, 2],[4]
1588644992.8522277,[3, 2, 2],[4]
1588645005.1569963,[3, 2, 2],[4]
1588645015.970756,[3, 2, 2],[4]
1588645026.7866142,[3, 2, 2],[4]
1588645037.5926418,[3, 2, 2],[4]
1588645048.396926,[3, 2, 2],[4]
1588645059.2718577,[3, 2, 2],[4]
1588645070.144082,[3, 2, 2],[4]
1588645081.0109696,[3, 2, 2],[4]
1588645091.8569791,[3, 2, 2],[4]
1588645102.6646512,[3, 2, 2],[4]
1588645113.540852,[3, 2, 2],[4]
1588645124.4434857,[3, 2, 2],[4]
1588645135.270203,[3, 2, 2],[4]
1588645146.0872555,[3, 2, 2],[4]
1588645156.9478786,[3, 2, 2],[4]
1588645167.7609854,[3, 2, 2],[4]
1588645178.5847075,[3, 2, 2],[4]
1588645189.4141748,[3, 2, 2],[4]
1588645200.2421834,[3, 2, 2],[4]
1588645211.0819843,[3, 2, 2],[4]
1588645221.946275,[3, 2, 2],[4]
1588645232.787508,[3, 2, 2],[4]
1588645243.652006,[3, 2, 2],[4]
1588645254.5029464,[3, 2, 2],[4]
1588645265.3334155,[3, 2, 2],[4]
1588645276.2171779,[3, 2, 2],[4]
1588645287.047371,[3, 2, 2],[4]
1588645297.8799698,[3, 2, 2],[4]
1588645308.7957804,[3, 2, 2],[4]
1588645319.718085,[3, 2, 2],[4]
1588645330.6401374,[3, 1, 2],[3]
1588645341.4804542,[3, 2, 2],[4]
1588645352.332645,[3, 2, 2],[4]
1588645363.1990752,[3, 2, 2],[4]
1588645374.1251564,[3, 1, 2],[3]
1588645386.7384071,[3, 2, 1],[3]
1588645397.7083952,[3, 2, 1],[3]
1588645408.540904,[3, 2, 2],[4]
1588645419.410303,[3, 2, 2],[4]
1588645430.257283,[3, 2, 2],[4]
1588645441.1034117,[3, 2, 2],[4]
1588645451.962116,[3, 2, 2],[4]
1588645462.7939646,[3, 2, 2],[4]
1588645473.7003987,[3, 2, 2],[4]
1588645484.5892265,[3, 2, 2],[4]
1588645495.5332937,[3, 2, 2],[4]
1588645506.3659055,[3, 2, 2],[4]
1588645517.2282257,[3, 2, 2],[4]
1588645528.0861375,[3, 2, 2],[4]
1588645538.9354472,[3, 2, 2],[4]
1588645549.773216,[3, 2, 2],[4]
1588645560.7070107,[3, 2, 2],[4]
1588645571.5774033,[3, 2, 2],[4]
1588645582.4623153,[3, 2, 2],[4]
1588645593.3190818,[3, 2, 2],[4]
1588645604.1672745,[3, 2, 2],[4]
1588645615.0815673,[3, 2, 2],[4]
1588645625.9408104,[3, 2, 2],[4]
1588645636.7983325,[3, 2, 2],[4]
1588645647.7550578,[3, 2, 2],[4]
1588645658.7017236,[3, 2, 2],[4]
1588645669.5712047,[3, 2, 2],[4]
1588645680.4748302,[3, 2, 2],[4]
1588645691.3752756,[3, 2, 2],[4]
1588645702.346615,[3, 2, 2],[4]
1588645713.2106614,[3, 2, 2],[4]
1588645724.075425,[3, 2, 2],[4]
1588645734.9646564,[3, 2, 2],[4]
1588645747.5838602,[3, 2, 2],[4]
1588645758.4639935,[3, 2, 2],[4]
1588645769.331678,[3, 2, 2],[4]
1588645780.2089944,[3, 2, 2],[4]
1588645791.1646712,[3, 2, 2],[4]
1588645802.0504687,[3, 2, 2],[4]
1588645812.9107482,[3, 2, 2],[4]
1588645823.7853274,[3, 2, 2],[4]
1588645834.7213523,[3, 2, 2],[4]
1588645845.589432,[3, 2, 2],[4]
1588645856.445412,[3, 2, 2],[4]
1588645867.3064854,[3, 2, 2],[4]
1588645878.171176,[3, 2, 2],[4]
1588645889.0467837,[3, 2, 2],[4]
1588645900.3259487,[3, 2, 2],[4]
1588645911.1840835,[3, 2, 2],[4]
1588645922.1043124,[3, 2, 2],[4]
1588645932.9671326,[3, 2, 2],[4]
1588645943.8397188,[3, 2, 2],[4]
1588645954.7206557,[3, 2, 2],[4]
1588645965.5991242,[3, 2, 2],[4]
1588645976.5803223,[3, 2, 2],[4]
1588645987.5354156,[3, 2, 2],[4]
1588645998.513816,[3, 2, 2],[4]
1588646009.4244528,[3, 2, 2],[4]
1588646020.2985506,[3, 2, 2],[4]
1588646031.2265196,[3, 2, 2],[4]
1588646042.1384084,[3, 2, 2],[4]
1588646053.0991173,[3, 2, 2],[4]
1588646063.9802558,[3, 2, 2],[4]
1588646074.9023664,[3, 2, 2],[4]
1588646085.931624,[3, 2, 2],[4]
1588646096.898371,[3, 2, 2],[4]
1588646107.8953836,[3, 2, 2],[4]
1588646120.6837218,[3, 2, 2],[4]
1588646131.617373,[3, 2, 2],[4]
1588646142.5352886,[3, 2, 2],[4]
1588646153.5182545,[3, 2, 2],[4]
1588646164.4362135,[3, 2, 2],[4]
1588646175.3600216,[3, 2, 2],[4]
1588646186.2742312,[3, 2, 2],[4]
1588646197.211787,[3, 2, 2],[4]
1588646208.1280708,[3, 2, 2],[4]
1588646219.0789914,[3, 2, 2],[4]
1588646230.0111318,[3, 2, 2],[4]
1588646240.9089477,[3, 2, 2],[4]
1588646251.8043606,[3, 2, 2],[4]
1588646262.7080197,[3, 2, 2],[4]
1588646273.6406562,[3, 2, 2],[4]
1588646284.535824,[3, 2, 2],[4]
1588646295.442695,[3, 2, 2],[4]
1588646306.3640072,[3, 2, 2],[4]
1588646317.248975,[3, 2, 2],[4]
1588646328.2396877,[3, 2, 2],[4]
1588646339.2890682,[3, 2, 2],[4]
1588646350.2263749,[3, 2, 2],[4]
1588646361.134655,[3, 2, 2],[4]
1588646372.1272492,[3, 2, 2],[4]
1588646383.104401,[3, 2, 2],[4]
1588646394.1548405,[3, 2, 2],[4]
1588646405.1451728,[3, 2, 2],[4]
1588646416.1049309,[3, 2, 2],[4]
1588646427.1238487,[3, 2, 2],[4]
1588646438.0494366,[3, 2, 2],[4]
1588646448.9630685,[3, 2, 2],[4]
1588646459.9563494,[3, 2, 2],[4]
1588646470.9335847,[3, 2, 2],[4]
1588646481.850556,[3, 2, 2],[4]
1588646492.7617083,[3, 2, 2],[4]
1588646505.5992765,[3, 2, 2],[4]
1588646516.536805,[3, 2, 2],[4]
1588646527.4603796,[3, 2, 2],[4]
1588646538.3803833,[3, 2, 2],[4]
1588646549.579465,[3, 1, 2],[3]
1588646560.5671499,[3, 2, 2],[4]
1588646571.5470078,[3, 2, 2],[4]
1588646582.5169797,[3, 2, 2],[4]
1588646593.6048963,[3, 1, 2],[3]
1588646604.676503,[3, 2, 1],[3]
1588646615.7049716,[3, 2, 1],[3]
1588646626.6568885,[3, 2, 2],[4]
1588646637.6453838,[3, 2, 2],[4]
1588646648.6505919,[3, 2, 2],[4]
1588646659.6274557,[3, 2, 2],[4]
1588646670.5967588,[3, 2, 2],[4]
1588646681.5605764,[3, 2, 2],[4]
1588646692.578502,[3, 2, 2],[4]
1588646703.6003206,[3, 2, 2],[4]
1588646714.567387,[3, 2, 2],[4]
1588646725.5311682,[3, 2, 2],[4]
1588646736.83167,[3, 2, 2],[4]
1588646747.8558166,[3, 2, 2],[4]
1588646758.8224049,[3, 2, 2],[4]
1588646769.7863014,[3, 2, 2],[4]
1588646780.7587695,[3, 2, 2],[4]
1588646791.7004275,[3, 2, 2],[4]
1588646802.6824026,[3, 2, 2],[4]
1588646813.6622956,[3, 2, 2],[4]
1588646824.6894221,[3, 2, 2],[4]
1588646835.6701515,[3, 2, 2],[4]
1588646846.6499321,[3, 2, 2],[4]
1588646857.638339,[3, 2, 2],[4]
1588646868.7164795,[3, 2, 2],[4]
1588646879.7383132,[3, 2, 2],[4]
1588646890.7372062,[3, 2, 2],[4]
1588646903.7895055,[3, 2, 2],[4]
1588646914.794516,[3, 2, 2],[4]
1588646925.900919,[3, 2, 2],[4]
1588646936.9756236,[3, 2, 2],[4]
1588646947.9799678,[3, 2, 2],[4]
1588646959.023928,[3, 2, 2],[4]
1588646970.0752892,[3, 2, 2],[4]
1588646981.1027687,[3, 2, 2],[4]
1588646992.1069913,[3, 2, 2],[4]
1588647003.1562874,[3, 2, 2],[4]
1588647014.1836064,[3, 2, 2],[4]
1588647025.1466372,[3, 2, 2],[4]
1588647036.0723665,[3, 2, 2],[4]
1588647047.011365,[3, 2, 2],[4]
1588647058.0169725,[3, 2, 2],[4]
1588647068.9678535,[3, 2, 2],[4]
1588647079.936214,[3, 2, 2],[4]
1588647090.8693027,[3, 2, 2],[4]
1588647101.8416047,[3, 2, 2],[4]
1588647112.785895,[3, 2, 2],[4]
1588647123.752487,[3, 2, 2],[4]
1588647134.7307627,[3, 2, 2],[4]
1588647145.7022376,[3, 2, 2],[4]
1588647156.652301,[3, 2, 2],[4]
1588647167.6057172,[3, 2, 2],[4]
1588647178.5947237,[3, 2, 2],[4]
1588647189.5568664,[3, 2, 2],[4]
1588647200.5099602,[3, 2, 2],[4]
1588647211.5769227,[3, 2, 2],[4]
1588647222.6521273,[3, 2, 2],[4]
1588647233.636784,[3, 2, 2],[4]
1588647244.5970752,[3, 2, 2],[4]
1588647255.6234386,[3, 2, 2],[4]
1588647266.7536066,[3, 2, 2],[4]
1588647277.787293,[3, 2, 2],[4]
1588647288.7824667,[3, 2, 2],[4]
1588647302.0819423,[3, 2, 2],[4]
1588647313.1568239,[3, 2, 2],[4]
1588647324.2432828,[3, 2, 2],[4]
1588647335.2463524,[3, 2, 2],[4]
1588647346.2391655,[3, 2, 2],[4]
1588647357.2415123,[3, 2, 2],[4]
1588647368.2243435,[3, 2, 2],[4]
1588647379.206871,[3, 2, 2],[4]
1588647390.1932185,[3, 2, 2],[4]
1588647401.2913125,[3, 2, 2],[4]
1588647412.3519127,[3, 2, 2],[4]
1588647423.4175005,[3, 2, 2],[4]
1588647434.510023,[3, 2, 2],[4]
1588647445.4933305,[3, 2, 2],[4]
1588647456.4908361,[3, 2, 2],[4]
1588647467.4702742,[3, 2, 2],[4]
1588647478.471459,[3, 2, 2],[4]
1588647489.46037,[3, 2, 2],[4]
1588647500.458764,[3, 2, 2],[4]
1588647511.4372327,[3, 2, 2],[4]
1588647522.4260929,[3, 2, 2],[4]
1588647533.4549832,[3, 2, 2],[4]
1588647544.4446762,[3, 2, 2],[4]
1588647555.4539256,[3, 2, 2],[4]
1588647566.4486341,[3, 2, 2],[4]
1588647577.4348722,[3, 2, 2],[4]
1588647588.9503336,[3, 2, 2],[4]
1588647599.9153442,[3, 2, 2],[4]
1588647610.973523,[3, 2, 2],[4]
1588647622.0735793,[3, 2, 2],[4]
1588647633.1193037,[3, 2, 2],[4]
1588647644.187738,[3, 2, 2],[4]
1588647655.2046247,[3, 2, 2],[4]
1588647666.291346,[3, 2, 2],[4]
1588647677.3564215,[3, 2, 2],[4]
1588647688.4734046,[3, 2, 2],[4]
1588647699.5217671,[3, 2, 2],[4]
1588647713.062067,[3, 2, 2],[4]
1588647724.165907,[3, 2, 2],[4]
1588647735.2201967,[3, 2, 2],[4]
1588647746.307556,[3, 2, 2],[4]
1588647757.3258252,[3, 2, 2],[4]
1588647768.534835,[3, 1, 2],[3]
1588647779.5486665,[3, 2, 2],[4]
1588647790.5894034,[3, 2, 2],[4]
1588647801.591676,[3, 2, 2],[4]
1588647812.8031256,[3, 1, 2],[3]
1588647824.068294,[3, 2, 1],[3]
1588647835.3655083,[3, 2, 1],[3]
1588647846.426461,[3, 2, 2],[4]
1588647857.4829268,[3, 2, 2],[4]
1588647868.5531971,[3, 2, 2],[4]
1588647879.6527843,[3, 2, 2],[4]
1588647890.6755805,[3, 2, 2],[4]
1588647901.7359579,[3, 2, 2],[4]
1588647912.8284385,[3, 2, 2],[4]
1588647923.9308825,[3, 2, 2],[4]
1588647934.9944384,[3, 2, 2],[4]
1588647946.0415242,[3, 2, 2],[4]
1588647957.1306324,[3, 2, 2],[4]
1588647968.1919885,[3, 2, 2],[4]
1588647979.2103608,[3, 2, 2],[4]
1588647990.3206997,[3, 2, 2],[4]
1588648001.387011,[3, 2, 2],[4]
1588648012.4108129,[3, 2, 2],[4]
1588648023.428018,[3, 2, 2],[4]
1588648034.5706546,[3, 2, 2],[4]
1588648045.6474333,[3, 2, 2],[4]
1588648056.679088,[3, 2, 2],[4]
1588648067.7332,[3, 2, 2],[4]
1588648078.79183,[3, 2, 2],[4]
1588648089.8344421,[3, 2, 2],[4]
1588648100.8641634,[3, 2, 2],[4]
1588648111.8925016,[3, 2, 2],[4]
1588648122.944122,[3, 2, 2],[4]
1588648136.4629817,[3, 2, 2],[4]
1588648147.5074885,[3, 2, 2],[4]
1588648158.5847225,[3, 2, 2],[4]
1588648169.637179,[3, 2, 2],[4]
1588648180.6848736,[3, 2, 2],[4]
1588648191.7137506,[3, 2, 2],[4]
1588648202.7482007,[3, 2, 2],[4]
1588648213.846745,[3, 2, 2],[4]
1588648224.9100842,[3, 2, 2],[4]
1588648235.9433649,[3, 2, 2],[4]
1588648247.1038246,[3, 2, 2],[4]
1588648258.2819128,[3, 2, 2],[4]
1588648269.3718684,[3, 2, 2],[4]
1588648280.4747694,[3, 2, 2],[4]
1588648291.5821757,[3, 2, 2],[4]
1588648302.8076518,[3, 2, 2],[4]
1588648313.9349158,[3, 2, 2],[4]
1588648325.0258589,[3, 2, 2],[4]
1588648336.1633284,[3, 2, 2],[4]
1588648347.3875966,[3, 2, 2],[4]
1588648358.4752548,[3, 2, 2],[4]
1588648369.5066643,[3, 2, 2],[4]
1588648380.5858078,[3, 2, 2],[4]
1588648391.6940496,[3, 2, 2],[4]
1588648402.882383,[3, 2, 2],[4]
1588648413.9380713,[3, 2, 2],[4]
1588648424.993763,[3, 2, 2],[4]
1588648436.0596943,[3, 2, 2],[4]
1588648447.1418545,[3, 2, 2],[4]
1588648458.2009254,[3, 2, 2],[4]
1588648469.2783403,[3, 2, 2],[4]
1588648480.476743,[3, 2, 2],[4]
1588648491.563803,[3, 2, 2],[4]
1588648502.5971558,[3, 2, 2],[4]
1588648513.7201924,[3, 2, 2],[4]
1588648524.863893,[3, 2, 2],[4]
1588648538.3372445,[3, 2, 2],[4]
1588648549.4159322,[3, 2, 2],[4]
1588648560.4918752,[3, 2, 2],[4]
1588648571.565503,[3, 2, 2],[4]
1588648582.7731807,[3, 2, 2],[4]
1588648593.8529978,[3, 2, 2],[4]
1588648604.936603,[3, 2, 2],[4]
1588648615.9969246,[3, 2, 2],[4]
1588648627.0666382,[3, 2, 2],[4]
1588648638.1101384,[3, 2, 2],[4]
1588648649.1809428,[3, 2, 2],[4]
1588648660.2394886,[3, 2, 2],[4]
1588648671.402321,[3, 2, 2],[4]
1588648682.5719666,[3, 2, 2],[4]
1588648693.668722,[3, 2, 2],[4]
1588648704.7140956,[3, 2, 2],[4]
1588648715.7810717,[3, 2, 2],[4]
1588648726.8775735,[3, 2, 2],[4]
1588648737.9503121,[3, 2, 2],[4]
1588648749.060388,[3, 2, 2],[4]
1588648760.1948636,[3, 2, 2],[4]
1588648771.381681,[3, 2, 2],[4]
1588648782.462118,[3, 2, 2],[4]
1588648793.655516,[3, 2, 2],[4]
1588648804.864399,[3, 2, 2],[4]
1588648816.0272443,[3, 2, 2],[4]
1588648827.1786096,[3, 2, 2],[4]
1588648838.3609853,[3, 2, 2],[4]
1588648849.4887512,[3, 2, 2],[4]
1588648860.6670592,[3, 2, 2],[4]
1588648871.8744729,[3, 2, 2],[4]
1588648883.0154598,[3, 2, 2],[4]
1588648894.1487525,[3, 2, 2],[4]
1588648905.4383702,[3, 2, 2],[4]
1588648916.6280463,[3, 2, 2],[4]
1588648927.7205398,[3, 2, 2],[4]
1588648938.8986511,[3, 2, 2],[4]
1588648950.1254847,[3, 2, 2],[4]
1588648963.9177253,[3, 2, 2],[4]
1588648975.1020017,[3, 2, 2],[4]
1588648986.3594224,[3, 1, 2],[3]
1588648997.4518023,[3, 2, 2],[4]
1588649008.6949286,[3, 2, 2],[4]
1588649019.782714,[3, 2, 2],[4]
1588649031.026295,[3, 1, 2],[3]
1588649042.4758635,[3, 2, 1],[3]
1588649053.871486,[3, 2, 1],[3]
1588649065.0585124,[3, 2, 2],[4]
1588649076.1922276,[3, 2, 2],[4]
1588649087.2943835,[3, 2, 2],[4]
1588649098.4642901,[3, 2, 2],[4]
1588649109.5698423,[3, 2, 2],[4]
1588649120.7101607,[3, 2, 2],[4]
1588649131.8072345,[3, 2, 2],[4]
1588649143.018706,[3, 2, 2],[4]
1588649154.135649,[3, 2, 2],[4]
1588649165.2653852,[3, 2, 2],[4]
1588649176.3603618,[3, 2, 2],[4]
1588649187.767887,[3, 2, 2],[4]
1588649198.9019144,[3, 2, 2],[4]
1588649210.0278373,[3, 2, 2],[4]
1588649221.1404855,[3, 2, 2],[4]
1588649232.299861,[3, 2, 2],[4]
1588649243.4278333,[3, 2, 2],[4]
1588649254.535727,[3, 2, 2],[4]
1588649265.6444452,[3, 2, 2],[4]
1588649276.7541146,[3, 2, 2],[4]
1588649287.8704038,[3, 2, 2],[4]
1588649298.9779792,[3, 2, 2],[4]
1588649310.0809195,[3, 2, 2],[4]
1588649321.259139,[3, 2, 2],[4]
1588649332.4500484,[3, 2, 2],[4]
1588649343.6637716,[3, 2, 2],[4]
1588649354.806528,[3, 2, 2],[4]
1588649366.0023386,[3, 2, 2],[4]
1588649377.457203,[3, 2, 2],[4]
1588649388.586727,[3, 2, 2],[4]
1588649402.4226146,[3, 2, 2],[4]
1588649413.547814,[3, 2, 2],[4]
1588649424.7364686,[3, 2, 2],[4]
1588649435.8582938,[3, 2, 2],[4]
1588649446.984301,[3, 2, 2],[4]
1588649458.1005652,[3, 2, 2],[4]
1588649469.2810483,[3, 2, 2],[4]
1588649480.451842,[3, 2, 2],[4]
1588649491.6247997,[3, 2, 2],[4]
1588649502.7464185,[3, 2, 2],[4]
1588649513.8982317,[3, 2, 2],[4]
1588649525.0347733,[3, 2, 2],[4]
1588649536.199371,[3, 2, 2],[4]
1588649547.3805804,[3, 2, 2],[4]
1588649558.5192602,[3, 2, 2],[4]
1588649569.659203,[3, 2, 2],[4]
1588649580.7918115,[3, 2, 2],[4]
1588649591.9571936,[3, 2, 2],[4]
1588649603.0889971,[3, 2, 2],[4]
1588649614.2293956,[3, 2, 2],[4]
1588649625.3503606,[3, 2, 2],[4]
1588649636.476871,[3, 2, 2],[4]
1588649647.6593034,[3, 2, 2],[4]
1588649659.1163785,[3, 2, 2],[4]
1588649670.2869425,[3, 2, 2],[4]
1588649681.4150372,[3, 2, 2],[4]
1588649692.5523374,[3, 2, 2],[4]
1588649703.75712,[3, 2, 2],[4]
1588649715.0502157,[3, 2, 2],[4]
1588649726.2131295,[3, 2, 2],[4]
1588649737.4602816,[3, 2, 2],[4]
1588649748.8954685,[3, 2, 2],[4]
1588649760.0735242,[3, 2, 2],[4]
1588649771.2140677,[3, 2, 2],[4]
1588649782.4980245,[3, 2, 2],[4]
1588649793.726088,[3, 2, 2],[4]
1588649804.9540255,[3, 2, 2],[4]
1588649816.1347103,[3, 2, 2],[4]
1588649830.092522,[3, 2, 2],[4]
1588649841.3226035,[3, 2, 2],[4]
1588649852.5093186,[3, 2, 2],[4]
1588649863.705383,[3, 2, 2],[4]
1588649874.879853,[3, 2, 2],[4]
1588649886.0927455,[3, 2, 2],[4]
1588649897.4168382,[3, 2, 2],[4]
1588649908.6939197,[3, 2, 2],[4]
1588649919.9189804,[3, 2, 2],[4]
1588649931.1526344,[3, 2, 2],[4]
1588649942.4070332,[3, 2, 2],[4]
1588649953.591541,[3, 2, 2],[4]
1588649964.7651784,[3, 2, 2],[4]
1588649975.934773,[3, 2, 2],[4]
1588649987.1815794,[3, 2, 2],[4]
1588649998.368281,[3, 2, 2],[4]
1588650009.5304294,[3, 2, 2],[4]
1588650020.6893084,[3, 2, 2],[4]
1588650031.847253,[3, 2, 2],[4]
1588650043.0809531,[3, 2, 2],[4]
1588650054.2764907,[3, 2, 2],[4]
1588650065.4402816,[3, 2, 2],[4]
1588650076.6100872,[3, 2, 2],[4]
1588650087.7729018,[3, 2, 2],[4]
1588650098.9971468,[3, 2, 2],[4]
1588650110.1706686,[3, 2, 2],[4]
1588650121.330717,[3, 2, 2],[4]
1588650132.5796707,[3, 2, 2],[4]
1588650143.7879252,[3, 2, 2],[4]
1588650154.9712946,[3, 2, 2],[4]
1588650166.2173517,[3, 2, 2],[4]
1588650177.4693348,[3, 2, 2],[4]
1588650188.7996154,[3, 2, 2],[4]
1588650200.1967795,[3, 1, 2],[3]
1588650211.3904593,[3, 2, 2],[4]
1588650222.5643764,[3, 2, 2],[4]
1588650233.8595169,[3, 2, 2],[4]
1588650245.2903569,[3, 1, 2],[3]
1588650256.711664,[3, 2, 1],[3]
1588650271.2225268,[3, 2, 1],[3]
1588650282.5521789,[3, 2, 2],[4]
1588650293.9237013,[3, 2, 2],[4]
1588650305.2085166,[3, 2, 2],[4]
1588650316.4431045,[3, 2, 2],[4]
1588650327.7553906,[3, 2, 2],[4]
1588650339.01703,[3, 2, 2],[4]
1588650350.3324168,[3, 2, 2],[4]
1588650361.5713053,[3, 2, 2],[4]
1588650372.8296533,[3, 2, 2],[4]
1588650384.0708933,[3, 2, 2],[4]
1588650395.56971,[3, 2, 2],[4]
1588650406.7971609,[3, 2, 2],[4]
1588650418.0119808,[3, 2, 2],[4]
1588650429.2247393,[3, 2, 2],[4]
1588650440.4509687,[3, 2, 2],[4]
1588650451.7663555,[3, 2, 2],[4]
1588650462.9777923,[3, 2, 2],[4]
1588650474.197935,[3, 2, 2],[4]
1588650485.4144564,[3, 2, 2],[4]
1588650496.6690974,[3, 2, 2],[4]
1588650507.8818552,[3, 2, 2],[4]
1588650519.1061735,[3, 2, 2],[4]
1588650530.355809,[3, 2, 2],[4]
1588650541.6501467,[3, 2, 2],[4]
1588650552.9535794,[3, 2, 2],[4]
1588650564.2270272,[3, 2, 2],[4]
1588650575.4931521,[3, 2, 2],[4]
1588650586.8287275,[3, 2, 2],[4]
1588650598.060194,[3, 2, 2],[4]
1588650609.313876,[3, 2, 2],[4]
1588650620.513549,[3, 2, 2],[4]
1588650631.8550506,[3, 2, 2],[4]
1588650643.178287,[3, 2, 2],[4]
1588650654.4545772,[3, 2, 2],[4]
1588650665.7203982,[3, 2, 2],[4]
1588650677.3146257,[3, 2, 2],[4]
1588650688.5968132,[3, 2, 2],[4]
1588650699.8451493,[3, 2, 2],[4]
1588650714.0786738,[3, 2, 2],[4]
1588650725.3506577,[3, 2, 2],[4]
1588650736.6701245,[3, 2, 2],[4]
1588650748.0543814,[3, 2, 2],[4]
1588650759.3588345,[3, 2, 2],[4]
1588650770.6528869,[3, 2, 2],[4]
1588650782.1730545,[3, 2, 2],[4]
1588650793.4272923,[3, 2, 2],[4]
1588650804.6555152,[3, 2, 2],[4]
1588650815.934033,[3, 2, 2],[4]
1588650827.5794322,[3, 2, 2],[4]
1588650838.9567552,[3, 2, 2],[4]
1588650850.2190933,[3, 2, 2],[4]
1588650861.4793735,[3, 2, 2],[4]
1588650872.7175236,[3, 2, 2],[4]
1588650884.0048294,[3, 2, 2],[4]
1588650895.2523851,[3, 2, 2],[4]
1588650906.498812,[3, 2, 2],[4]
1588650917.7464008,[3, 2, 2],[4]
1588650929.0112214,[3, 2, 2],[4]
1588650940.2721908,[3, 2, 2],[4]
1588650951.5235758,[3, 2, 2],[4]
1588650962.8252628,[3, 2, 2],[4]
1588650974.389395,[3, 2, 2],[4]
1588650985.7084792,[3, 2, 2],[4]
1588650997.005255,[3, 2, 2],[4]
1588651008.3091292,[3, 2, 2],[4]
1588651019.604416,[3, 2, 2],[4]
1588651030.9745436,[3, 2, 2],[4]
1588651042.3650177,[3, 2, 2],[4]
1588651053.6489289,[3, 2, 2],[4]
1588651065.0032058,[3, 2, 2],[4]
1588651076.4315097,[3, 2, 2],[4]
1588651087.7602181,[3, 2, 2],[4]
1588651099.3154511,[3, 2, 2],[4]
1588651110.6221786,[3, 2, 2],[4]
1588651122.0118895,[3, 2, 2],[4]
1588651133.3740559,[3, 2, 2],[4]
1588651144.6669242,[3, 2, 2],[4]
1588651156.7733564,[3, 2, 2],[4]
1588651168.0225308,[3, 2, 2],[4]
1588651182.5884616,[3, 2, 2],[4]
1588651193.9383733,[3, 2, 2],[4]
1588651205.210245,[3, 2, 2],[4]
1588651216.5356379,[3, 2, 2],[4]
1588651227.826188,[3, 2, 2],[4]
1588651239.518661,[3, 2, 2],[4]
1588651250.8565586,[3, 2, 2],[4]
1588651262.1032033,[3, 2, 2],[4]
1588651273.3776846,[3, 2, 2],[4]
1588651284.820912,[3, 2, 2],[4]
1588651296.2264755,[3, 2, 2],[4]
1588651307.539371,[3, 2, 2],[4]
1588651318.8059673,[3, 2, 2],[4]
1588651330.4498107,[3, 2, 2],[4]
1588651341.8418238,[3, 2, 2],[4]
1588651353.1131446,[3, 2, 2],[4]
1588651364.381235,[3, 2, 2],[4]
1588651375.7336278,[3, 2, 2],[4]
1588651387.1388445,[3, 2, 2],[4]
1588651398.4556847,[3, 2, 2],[4]
1588651409.7489252,[3, 2, 2],[4]
1588651421.2279162,[3, 1, 2],[3]
1588651432.5648036,[3, 2, 2],[4]
1588651443.8641,[3, 2, 2],[4]
1588651455.1428304,[3, 2, 2],[4]
1588651466.6129942,[3, 1, 2],[3]
1588651478.0895078,[3, 2, 1],[3]
1588651490.1176295,[3, 2, 1],[3]
1588651501.405806,[3, 2, 2],[4]
1588651512.7146475,[3, 2, 2],[4]
1588651524.1566098,[3, 2, 2],[4]
1588651535.5282617,[3, 2, 2],[4]
1588651546.8545907,[3, 2, 2],[4]
1588651558.190041,[3, 2, 2],[4]
1588651569.5612164,[3, 2, 2],[4]
1588651580.8742387,[3, 2, 2],[4]
1588651592.2299995,[3, 2, 2],[4]
1588651603.523746,[3, 2, 2],[4]
1588651614.8280873,[3, 2, 2],[4]
1588651626.133895,[3, 2, 2],[4]
1588651637.786131,[3, 2, 2],[4]
1588651652.5183034,[3, 2, 2],[4]
1588651663.8741136,[3, 2, 2],[4]
1588651675.1956747,[3, 2, 2],[4]
1588651686.560822,[3, 2, 2],[4]
1588651697.946718,[3, 2, 2],[4]
1588651709.2531085,[3, 2, 2],[4]
1588651720.5733094,[3, 2, 2],[4]
1588651731.9630563,[3, 2, 2],[4]
1588651743.4241006,[3, 2, 2],[4]
1588651755.201322,[3, 2, 2],[4]
1588651766.5181513,[3, 2, 2],[4]
1588651777.853002,[3, 2, 2],[4]
1588651789.2834377,[3, 2, 2],[4]
1588651801.2015946,[3, 2, 2],[4]
1588651812.6350791,[3, 2, 2],[4]
1588651823.975092,[3, 2, 2],[4]
1588651835.3552935,[3, 2, 2],[4]
1588651846.700014,[3, 2, 2],[4]
1588651858.2036724,[3, 2, 2],[4]
1588651869.5965133,[3, 2, 2],[4]
1588651881.0635104,[3, 2, 2],[4]
1588651892.4744442,[3, 2, 2],[4]
1588651903.8552651,[3, 2, 2],[4]
1588651915.209278,[3, 2, 2],[4]
1588651926.5642889,[3, 2, 2],[4]
1588651937.9628808,[3, 2, 2],[4]
1588651949.3399367,[3, 2, 2],[4]
1588651960.7231376,[3, 2, 2],[4]
1588651972.0833275,[3, 2, 2],[4]
1588651983.44301,[3, 2, 2],[4]
1588651994.930035,[3, 2, 2],[4]
1588652006.42179,[3, 2, 2],[4]
1588652017.8962176,[3, 2, 2],[4]
1588652029.3595307,[3, 2, 2],[4]
1588652040.8199959,[3, 2, 2],[4]
1588652052.4079697,[3, 2, 2],[4]
1588652063.799017,[3, 2, 2],[4]
1588652075.1668813,[3, 2, 2],[4]
1588652086.5357895,[3, 2, 2],[4]
1588652098.0532146,[3, 2, 2],[4]
1588652109.4781106,[3, 2, 2],[4]
1588652124.1810136,[3, 2, 2],[4]
1588652135.7353868,[3, 2, 2],[4]
1588652147.218828,[3, 2, 2],[4]
1588652158.744241,[3, 2, 2],[4]
1588652170.2714255,[3, 2, 2],[4]
1588652181.7748442,[3, 2, 2],[4]
1588652193.1473475,[3, 2, 2],[4]
1588652204.4965105,[3, 2, 2],[4]
1588652216.1012976,[3, 2, 2],[4]
1588652227.4931498,[3, 2, 2],[4]
1588652238.8608046,[3, 2, 2],[4]
1588652250.2224445,[3, 2, 2],[4]
1588652261.5716,[3, 2, 2],[4]
1588652273.493906,[3, 2, 2],[4]
1588652284.8603306,[3, 2, 2],[4]
1588652296.286305,[3, 2, 2],[4]
1588652307.6917584,[3, 2, 2],[4]
1588652319.136835,[3, 2, 2],[4]
1588652330.5085828,[3, 2, 2],[4]
1588652341.9366155,[3, 2, 2],[4]
1588652353.349793,[3, 2, 2],[4]
1588652364.8359256,[3, 2, 2],[4]
1588652376.4148214,[3, 2, 2],[4]
1588652387.8238142,[3, 2, 2],[4]
1588652399.19314,[3, 2, 2],[4]
1588652410.6214912,[3, 2, 2],[4]
1588652422.7539463,[3, 2, 2],[4]
1588652434.4293585,[3, 2, 2],[4]
1588652445.8737183,[3, 2, 2],[4]
1588652457.3571653,[3, 2, 2],[4]
1588652468.780094,[3, 2, 2],[4]
1588652480.9750779,[3, 2, 2],[4]
1588652492.3961048,[3, 2, 2],[4]
1588652503.7695827,[3, 2, 2],[4]
1588652515.146379,[3, 2, 2],[4]
1588652526.9898672,[3, 2, 2],[4]
1588652538.495829,[3, 2, 2],[4]
1588652549.9289987,[3, 2, 2],[4]
1588652561.408626,[3, 2, 2],[4]
1588652572.9373314,[3, 2, 2],[4]
1588652584.5422907,[3, 2, 2],[4]
1588652599.7397892,[3, 2, 2],[4]
1588652611.2216105,[3, 2, 2],[4]
1588652622.6733768,[3, 2, 2],[4]
1588652634.484169,[3, 1, 2],[3]
1588652646.090092,[3, 2, 2],[4]
1588652657.6432323,[3, 2, 2],[4]
1588652669.0722475,[3, 2, 2],[4]
1588652680.721346,[3, 1, 2],[3]
1588652692.5732508,[3, 2, 1],[3]
1588652704.356863,[3, 2, 1],[3]
1588652716.4011154,[3, 2, 2],[4]
1588652727.8520916,[3, 2, 2],[4]
1588652739.392135,[3, 2, 2],[4]
1588652750.9613116,[3, 2, 2],[4]
1588652762.4972553,[3, 2, 2],[4]
1588652773.956206,[3, 2, 2],[4]
1588652785.3865528,[3, 2, 2],[4]
1588652796.915989,[3, 2, 2],[4]
1588652808.353628,[3, 2, 2],[4]
1588652819.7835925,[3, 2, 2],[4]
1588652831.21228,[3, 2, 2],[4]
1588652842.6151266,[3, 2, 2],[4]
1588652854.0724213,[3, 2, 2],[4]
1588652865.5152016,[3, 2, 2],[4]
1588652876.9449604,[3, 2, 2],[4]
1588652888.3764412,[3, 2, 2],[4]
1588652899.805019,[3, 2, 2],[4]
1588652911.2937067,[3, 2, 2],[4]
1588652923.3101091,[3, 2, 2],[4]
1588652934.7467978,[3, 2, 2],[4]
1588652946.2081027,[3, 2, 2],[4]
1588652957.726266,[3, 2, 2],[4]
1588652969.220942,[3, 2, 2],[4]
1588652980.6488307,[3, 2, 2],[4]
1588652992.1060994,[3, 2, 2],[4]
1588653003.5477583,[3, 2, 2],[4]
1588653015.3060713,[3, 2, 2],[4]
1588653026.7902176,[3, 2, 2],[4]
1588653038.2387443,[3, 2, 2],[4]
1588653049.6809535,[3, 2, 2],[4]
1588653061.2868323,[3, 2, 2],[4]
1588653072.8332853,[3, 2, 2],[4]
1588653088.351538,[3, 2, 2],[4]
1588653099.8819985,[3, 2, 2],[4]
1588653111.425011,[3, 2, 2],[4]
1588653123.0201442,[3, 2, 2],[4]
1588653134.6527982,[3, 2, 2],[4]
1588653146.528219,[3, 2, 2],[4]
1588653158.0234826,[3, 2, 2],[4]
1588653169.4959114,[3, 2, 2],[4]
1588653181.1128192,[3, 2, 2],[4]
1588653192.6152315,[3, 2, 2],[4]
1588653204.1624064,[3, 2, 2],[4]
1588653215.6632059,[3, 2, 2],[4]
1588653227.3042095,[3, 2, 2],[4]
1588653238.8509817,[3, 2, 2],[4]
1588653250.8930125,[3, 2, 2],[4]
1588653262.4471197,[3, 2, 2],[4]
1588653274.0136354,[3, 2, 2],[4]
1588653285.5449393,[3, 2, 2],[4]
1588653297.0771341,[3, 2, 2],[4]
1588653308.6416817,[3, 2, 2],[4]
1588653320.1664166,[3, 2, 2],[4]
1588653331.6894574,[3, 2, 2],[4]
1588653343.2215219,[3, 2, 2],[4]
1588653354.791018,[3, 2, 2],[4]
1588653366.5639179,[3, 2, 2],[4]
1588653378.0825582,[3, 2, 2],[4]
1588653389.5514855,[3, 2, 2],[4]
1588653401.0181022,[3, 2, 2],[4]
1588653412.5374863,[3, 2, 2],[4]
1588653424.0355048,[3, 2, 2],[4]
1588653435.5371423,[3, 2, 2],[4]
1588653447.0043764,[3, 2, 2],[4]
1588653458.5313647,[3, 2, 2],[4]
1588653470.2785187,[3, 2, 2],[4]
1588653481.8306346,[3, 2, 2],[4]
1588653493.4272563,[3, 2, 2],[4]
1588653504.952692,[3, 2, 2],[4]
1588653517.0508125,[3, 2, 2],[4]
1588653528.5976732,[3, 2, 2],[4]
1588653540.1320844,[3, 2, 2],[4]
1588653551.6343806,[3, 2, 2],[4]
1588653566.8091996,[3, 2, 2],[4]
1588653578.3107653,[3, 2, 2],[4]
1588653589.8305008,[3, 2, 2],[4]
1588653601.3379195,[3, 2, 2],[4]
1588653612.843126,[3, 2, 2],[4]
1588653624.4788697,[3, 2, 2],[4]
1588653636.1553001,[3, 2, 2],[4]
1588653647.7310712,[3, 2, 2],[4]
1588653659.7334487,[3, 2, 2],[4]
1588653671.2447338,[3, 2, 2],[4]
1588653682.8013575,[3, 2, 2],[4]
1588653694.3406336,[3, 2, 2],[4]
1588653705.9846938,[3, 2, 2],[4]
1588653717.5611172,[3, 2, 2],[4]
1588653729.0831811,[3, 2, 2],[4]
1588653740.601725,[3, 2, 2],[4]
1588653752.1495497,[3, 2, 2],[4]
1588653763.7871885,[3, 2, 2],[4]
1588653775.3800533,[3, 2, 2],[4]
1588653786.9329202,[3, 2, 2],[4]
1588653798.4617112,[3, 2, 2],[4]
1588653810.6420617,[3, 2, 2],[4]
1588653822.193602,[3, 2, 2],[4]
1588653833.702924,[3, 2, 2],[4]
1588653845.2101064,[3, 2, 2],[4]
1588653857.1418865,[3, 1, 2],[3]
1588653868.7818563,[3, 2, 2],[4]
1588653880.3341835,[3, 2, 2],[4]
1588653891.8641324,[3, 2, 2],[4]
1588653903.6474004,[3, 1, 2],[3]
1588653915.685406,[3, 2, 1],[3]
1588653927.7576814,[3, 2, 1],[3]
1588653939.3274019,[3, 2, 2],[4]
1588653950.895093,[3, 2, 2],[4]
1588653962.4826076,[3, 2, 2],[4]
1588653974.571114,[3, 2, 2],[4]
1588653986.5326412,[3, 2, 2],[4]
1588653998.0551682,[3, 2, 2],[4]
1588654009.63881,[3, 2, 2],[4]
1588654021.2527993,[3, 2, 2],[4]
1588654032.922451,[3, 2, 2],[4]
1588654045.0276544,[3, 2, 2],[4]
1588654060.4735668,[3, 2, 2],[4]
1588654072.186233,[3, 2, 2],[4]
1588654083.800809,[3, 2, 2],[4]
1588654095.4658654,[3, 2, 2],[4]
1588654107.0706193,[3, 2, 2],[4]
1588654119.4272285,[3, 2, 2],[4]
1588654130.987092,[3, 2, 2],[4]
1588654142.5385444,[3, 2, 2],[4]
1588654154.0795372,[3, 2, 2],[4]
1588654165.6212425,[3, 2, 2],[4]
1588654177.251868,[3, 2, 2],[4]
1588654188.8487039,[3, 2, 2],[4]
1588654200.4450834,[3, 2, 2],[4]
1588654212.0764139,[3, 2, 2],[4]
1588654223.7046585,[3, 2, 2],[4]
1588654235.428743,[3, 2, 2],[4]
1588654247.1687844,[3, 2, 2],[4]
1588654258.914766,[3, 2, 2],[4]
1588654270.623997,[3, 2, 2],[4]
1588654282.2966797,[3, 2, 2],[4]
1588654293.8738127,[3, 2, 2],[4]
1588654305.4695787,[3, 2, 2],[4]
1588654317.116748,[3, 2, 2],[4]
1588654328.758813,[3, 2, 2],[4]
1588654340.4498365,[3, 2, 2],[4]
1588654352.0141006,[3, 2, 2],[4]
1588654363.6247506,[3, 2, 2],[4]
1588654375.2440798,[3, 2, 2],[4]
1588654386.8839939,[3, 2, 2],[4]
1588654398.5094686,[3, 2, 2],[4]
1588654410.1394312,[3, 2, 2],[4]
1588654421.7817264,[3, 2, 2],[4]
1588654433.4259014,[3, 2, 2],[4]
1588654445.0458133,[3, 2, 2],[4]
1588654456.6567123,[3, 2, 2],[4]
1588654468.2580078,[3, 2, 2],[4]
1588654479.9079328,[3, 2, 2],[4]
1588654491.5061839,[3, 2, 2],[4]
1588654503.2462316,[3, 2, 2],[4]
1588654514.9006848,[3, 2, 2],[4]
1588654526.4986506,[3, 2, 2],[4]
1588654541.9892151,[3, 2, 2],[4]
1588654553.7745786,[3, 2, 2],[4]
