baseline 1588697306.19 1588697318.32 1588697362.49 1588697316.287 1588697360.431 1588697372.553 1588697318.291 1588697362.433 1588697374.557
baseline 1588697181.64 1588697203.774 1588697234.243 1588697201.736 1588697231.86 1588697242.316 1588697203.741 1588697233.862 1588697244.318
baseline 1588697269.87 1588697278.036 1588697294.194 1588697273.996 1588697292.094 1588697304.252 1588697278.003 1588697294.096 1588697306.255
baseline 1588697272.834 1588697278.972 1588697289.057 1588697276.933 1588697287.031 1588697317.138 1588697278.939 1588697289.035 1588697319.14
baseline 1588697272.489 1588697332.655 1588697336.73 1588697330.638  1588697340.789 1588697332.641 1588697336.715 1588697342.79
baseline 1588697273.61 1588697280.104 1588697306.192 1588697278.076 1588697304.175 1588697318.251 1588697280.082 1588697306.179 1588697320.254
baseline 1588697275.024 1588697293.143 1588697385.298 1588697291.111 1588697383.279  1588697293.116 1588697385.281 1588697389.356
baseline 1588697189.326 1588697195.436 1588697205.517 1588697193.411 1588697203.492 1588697211.593 1588697195.416 1588697205.496 1588697213.597
baseline 1588697284.086 1588697312.317 1588697352.631 1588697310.191 1588697350.409  1588697312.195 1588697352.411 1588697356.693
baseline 1588697289.619 1588697343.945 1588697408.096 1588697341.767 1588697406.071 1588697468.211 1588697343.774 1588697408.075 1588697470.214
baseline 1588697193.782 1588697205.915 1588697214.016 1588697203.885 1588697211.993 1588697224.089 1588697205.89 1588697213.997 1588697226.093
baseline 1588697324.958 1588697335.061 1588697409.449 1588697333.036 1588697407.191 1588697415.519 1588697335.038 1588697409.195 1588697417.521
baseline 1588697296.763 1588697308.899 1588697343.356 1588697306.87 1588697340.975  1588697308.876 1588697342.98 1588697347.42
baseline 1588697205.555 1588697213.675 1588697223.774 1588697211.661 1588697221.742 1588697281.901 1588697213.663 1588697223.745 1588697283.904
baseline 1588697332.715 1588697393.65 1588697455.945 1588697390.854 1588697453.766 1588697508.042 1588697392.858 1588697455.768 1588697576.1
baseline 1588697300.415 1588697320.559 1588697330.639 1588697318.527 1588697328.619 1588697338.7 1588697320.533 1588697330.621 1588697340.703
baseline 1588697207.036 1588697227.173 1588697291.317 1588697225.133 1588697289.292 1588697367.461 1588697227.139 1588697291.294 1588697369.467
baseline 1588697309.569 1588697319.698 1588697323.78 1588697317.67  1588697363.872 1588697319.675 1588697323.759 1588697365.875
baseline 1588697214.959 1588697227.075 1588697269.191 1588697225.045 1588697267.172 1588697367.336 1588697227.052 1588697269.175 1588697369.339
baseline 1588697317.712 1588697368.024 1588697426.171 1588697365.853 1588697424.151 1588697432.24 1588697367.859 1588697426.153 1588697434.243
baseline 1588697219.392 1588697283.554 1588697365.792 1588697281.524 1588697363.704 1588697371.862 1588697283.53 1588697365.708 1588697373.865
baseline 1588697330.202 1588697338.333 1588697406.496 1588697336.303 1588697404.461 1588697466.612 1588697338.308 1588697406.464 1588697468.614
baseline 1588697362.139 1588697372.252 1588697378.333 1588697370.224 1588697376.311 1588697458.475 1588697372.228 1588697378.315 1588697460.479
baseline 1588697361.833 1588697434.008 1588697448.112 1588697431.978 1588697446.082 1588697452.187 1588697433.984 1588697448.085 1588697454.188
baseline 1588697324.378 1588697384.58 1588697488.778 1588697382.529 1588697486.75 1588697500.853 1588697384.533 1588697488.753 1588697502.858
baseline 1588697231.242 1588697243.398 1588697247.481 1588697241.356  1588697323.613 1588697243.361 1588697247.47 1588697325.616
baseline 1588697232.617 1588697300.792 1588697377.14 1588697298.764 1588697374.94  1588697300.768 1588697376.943 1588697381.209
baseline 1588697350.216 1588697354.349 1588697362.438  1588697360.409 1588697428.557 1588697354.326 1588697362.412 1588697430.561
baseline 1588697362.251 1588697430.633 1588697436.719 1588697428.394 1588697434.698 1588697442.815 1588697430.396 1588697436.701 1588697444.818
baseline 1588697236.648 1588697280.169 1588697286.25 1588697276.77 1588697284.229 1588697290.31 1588697278.775 1588697286.232 1588697292.313
baseline 1588697236.648 1588697280.91 1588697287.01 1588697278.772 1588697284.992 1588697291.07 1588697280.778 1588697286.996 1588697293.073
baseline 1588697237.97 1588697296.173 1588697300.259 1588697294.124  1588697380.402 1588697296.129 1588697300.243 1588697382.405
baseline 1588697367.381 1588697451.585 1588697459.673 1588697449.56 1588697457.652  1588697451.567 1588697459.657 1588697463.735
baseline 1588697360.762 1588697366.897 1588697451.065 1588697364.869 1588697449.039 1588697457.132 1588697366.875 1588697451.044 1588697459.134
baseline 1588697248.763 1588697354.957 1588697363.064 1588697352.933 1588697361.04 1588697455.22 1588697354.938 1588697363.044 1588697457.222
baseline 1588697250.595 1588697262.735 1588697368.911 1588697260.701 1588697366.892 1588697376.985 1588697262.708 1588697368.895 1588697378.987
baseline 1588697425.354 1588697437.473 1588697511.617 1588697435.442 1588697509.602 1588697517.679 1588697437.448 1588697511.604 1588697519.68
baseline 1588697255.582 1588697261.7 1588697363.888 1588697259.672 1588697361.853 1588697369.957 1588697261.676 1588697363.858 1588697373.961
baseline 1588697260.091 1588697266.222 1588697356.384 1588697264.188 1588697354.36 1588697360.443 1588697266.193 1588697356.364 1588697362.446
baseline 1588697397.455 1588697403.585 1588697417.679 1588697401.563 1588697415.654 1588697485.817 1588697403.568 1588697417.658 1588697487.819
baseline 1588697262.857 1588697268.966 1588697323.325 1588697266.94 1588697321.066 1588697383.453 1588697268.945 1588697323.069 1588697385.457
baseline 1588697401.824 1588697407.964 1588697412.066 1588697405.934  1588697416.122 1588697407.941 1588697412.05 1588697418.125
baseline 1588697266.908 1588697331.099 1588697335.19 1588697329.057  1588697347.269 1588697331.061 1588697335.169 1588697349.273
baseline 1588697275.709 1588697279.838 1588697343.975  1588697341.951 1588697452.141 1588697279.816 1588697343.952 1588697454.143
baseline 1588697402.502 1588697416.647 1588697542.853 1588697414.617 1588697540.827 1588697546.923 1588697416.623 1588697542.831 1588697548.925
baseline 1588697402.482 1588697414.607 1588697420.698 1588697412.579 1588697418.67 1588697426.765 1588697414.584 1588697420.674 1588697428.768
baseline 1588697412.284 1588697498.481 1588697508.57 1588697496.456 1588697506.551 1588697512.637 1588697498.46 1588697508.553 1588697514.638
baseline 1588697420.305 1588697426.438 1588697490.592 1588697424.41 1588697488.562 1588697570.735 1588697426.416 1588697490.565 1588697572.738
baseline 1588697422.378 1588697434.519 1588697442.607 1588697432.482 1588697440.587 1588697504.736 1588697434.488 1588697442.59 1588697506.739
baseline 1588697408.73 1588697414.86 1588697497.032 1588697412.833 1588697494.995 1588697611.209 1588697414.839 1588697496.999 1588697613.212
baseline 1588697419.72 1588697425.848 1588697431.923 1588697423.822 1588697429.907 1588697435.984 1588697425.827 1588697431.909 1588697437.986
baseline 1588697429.37 1588697505.599 1588697615.798 1588697503.57 1588697613.769 1588697623.854 1588697505.575 1588697615.773 1588697625.856
baseline 1588697422.392 1588697434.548 1588697448.644 1588697432.517 1588697446.614 1588697454.713 1588697434.525 1588697448.618 1588697456.715
baseline 1588697454.6 1588697466.727 1588697472.806 1588697460.696 1588697470.791 1588697476.86 1588697466.704 1588697472.795 1588697478.862
baseline 1588697429.363 1588697505.565 1588697511.653 1588697503.535 1588697509.635 1588697517.72 1588697505.539 1588697511.637 1588697519.722
baseline 1588697422.38 1588697434.516 1588697440.608 1588697432.481 1588697438.585 1588697448.68 1588697434.487 1588697440.589 1588697452.685
baseline 1588697291.499 1588697297.606 1588697305.696 1588697295.58 1588697303.669  1588697297.585 1588697305.673 1588697309.765
baseline 1588697292.878 1588697301.296 1588697307.39 1588697299.269 1588697305.366 1588697313.472 1588697301.275 1588697307.369 1588697315.475
baseline 1588697300.395 1588697304.515 1588697310.595  1588697308.574 1588697314.664 1588697304.495 1588697310.577 1588697316.667
baseline 1588697455.082 1588697543.321 1588697551.407 1588697541.255 1588697549.382 1588697555.466 1588697543.26 1588697551.385 1588697557.469
baseline 1588697307.451 1588697381.678 1588697387.762 1588697379.608 1588697385.745 1588697397.828 1588697381.617 1588697387.747 1588697399.831
baseline 1588697316.373 1588697322.489 1588697326.573 1588697320.465  1588697408.737 1588697322.469 1588697326.553 1588697410.743
baseline 1588697475.732 1588697487.861 1588697572.013 1588697485.836 1588697569.999 1588697578.089 1588697487.84 1588697572.002 1588697580.091
baseline 1588697316.396 1588697326.533 1588697420.715 1588697324.499 1588697418.691 1588697424.784 1588697326.504 1588697420.694 1588697426.788
baseline 1588697475.69 1588697487.841 1588697501.92 1588697485.81 1588697499.903 1588697507.978 1588697487.815 1588697501.905 1588697509.981
baseline 1588697321.652 1588697327.769 1588697411.94 1588697325.74 1588697409.912 1588697520.116 1588697327.746 1588697411.916 1588697522.118
baseline 1588697326.335 1588697332.467 1588697338.569 1588697330.44 1588697336.537 1588697342.635 1588697332.445 1588697338.539 1588697344.637
baseline 1588697471.474 1588697482.177 1588697488.267 1588697480.141 1588697486.243 1588697492.334 1588697482.146 1588697488.247 1588697494.338
baseline 1588697495.61 1588697607.821 1588697613.891 1588697605.803 1588697611.878 1588697617.953 1588697607.807 1588697613.879 1588697619.956
baseline 1588697331.717 1588697345.854 1588697411.994 1588697343.823 1588697409.976 1588697520.164 1588697345.83 1588697411.978 1588697522.166
baseline 1588697495.483 1588697503.602 1588697515.685 1588697501.585 1588697513.659 1588697521.75 1588697503.588 1588697515.661 1588697523.752
baseline 1588697341.988 1588697416.172 1588697426.274 1588697414.144 1588697422.248 1588697434.344 1588697416.149 1588697426.251 1588697436.348
baseline 1588697341.447 1588697439.655 1588697447.745 1588697437.628 1588697445.725 1588697455.813 1588697439.633 1588697447.728 1588697457.816
baseline 1588697352.828 1588697360.941 1588697369.04 1588697358.915 1588697367.021 1588697455.193 1588697360.919 1588697369.024 1588697457.198
baseline 1588697355.802 1588697409.976 1588697424.064 1588697407.941 1588697422.044 1588697430.133 1588697409.946 1588697424.047 1588697432.135
baseline 1588697357.582 1588697409.761 1588697525.957 1588697407.717 1588697523.938 1588697588.073 1588697409.722 1588697525.939 1588697590.077
baseline 1588697357.354 1588697363.473 1588697371.564 1588697361.449 1588697369.54 1588697375.631 1588697363.453 1588697371.544 1588697377.634
baseline 1588697360.934 1588697369.063 1588697489.276 1588697367.04 1588697487.253 1588697535.372 1588697369.044 1588697489.257 1588697537.374
baseline 1588697361.065 1588697373.198 1588697379.285 1588697371.17 1588697377.271 1588697383.347 1588697373.176 1588697379.273 1588697385.351
baseline 1588697518.489 1588697526.611 1588697532.697 1588697524.585 1588697530.68 1588697540.775 1588697526.591 1588697532.682 1588697542.778
baseline 1588697562.35 1588697572.46 1588697692.636 1588697570.444 1588697690.618 1588697822.811 1588697572.446 1588697692.62 1588697824.814
baseline 1588697380.868 1588697386.972 1588697395.059 1588697384.949 1588697393.041 1588697399.131 1588697386.954 1588697395.043 1588697401.136
baseline 1588697523.841 1588697529.969 1588697536.051 1588697527.942 1588697534.032 1588697540.121 1588697529.948 1588697536.034 1588697542.124
baseline 1588697384.185 1588697398.321 1588697408.405 1588697396.291 1588697406.388 1588697412.472 1588697398.297 1588697408.389 1588697414.473
baseline 1588697385.679 1588697391.803 1588697397.905 1588697389.776 1588697395.887 1588697401.971 1588697391.781 1588697397.89 1588697403.974
baseline 1588697389.139 1588697395.274 1588697401.342 1588697393.248 1588697399.329 1588697407.423 1588697395.253 1588697401.331 1588697409.428
baseline 1588697399.523 1588697405.641 1588697411.733 1588697403.616 1588697409.699 1588697417.799 1588697405.621 1588697411.707 1588697419.803
baseline 1588697555.147 1588697563.272 1588697579.363 1588697561.243 1588697577.336 1588697621.47 1588697563.248 1588697579.341 1588697623.473
baseline 1588697519.187 1588697525.333 1588697531.405 1588697523.302 1588697529.394 1588697537.461 1588697525.31 1588697531.395 1588697539.464
baseline 1588697403.261 1588697409.376 1588697419.476 1588697407.353 1588697417.453  1588697409.358 1588697419.457 1588697423.548
baseline 1588697410.17 1588697488.747 1588697574.906 1588697486.354 1588697572.885  1588697488.361 1588697574.888 1588697578.963
baseline 1588697413.202 1588697521.415 1588697571.535 1588697519.388 1588697569.515 1588697579.6 1588697521.393 1588697571.517 1588697581.604
baseline 1588697415.252 1588697529.455 1588697605.611 1588697527.429 1588697603.586 1588697719.776 1588697529.433 1588697605.588 1588697721.779
baseline 1588697543.878 1588697549.997 1588697556.101 1588697547.972 1588697554.078 1588697560.183 1588697549.977 1588697556.082 1588697562.186
baseline 1588697417.153 1588697485.328 1588697491.406 1588697483.304 1588697489.389 1588697495.463 1588697485.308 1588697491.391 1588697497.465
baseline 1588697426.677 1588697434.805 1588697442.896 1588697432.781 1588697440.875 1588697446.957 1588697434.785 1588697442.879 1588697448.961
baseline 1588697578.284 1588697584.405 1588697590.49 1588697582.385 1588697588.474 1588697598.549 1588697584.388 1588697590.476 1588697600.552
baseline 1588697571.506 1588697617.664 1588697691.809 1588697615.635 1588697689.789 1588697751.919 1588697617.64 1588697691.792 1588697753.921
baseline 1588697431.23 1588697439.355 1588697447.455 1588697437.332 1588697445.432 1588697453.519 1588697439.336 1588697447.435 1588697455.524
baseline 1588697432.496 1588697444.621 1588697452.721 1588697442.592 1588697450.699 1588697456.79 1588697444.599 1588697452.703 1588697458.793
baseline 1588697605.881 1588697612.029 1588697692.175 1588697610.007 1588697690.16 1588697748.287 1588697612.01 1588697692.162 1588697750.29
baseline 1588697448.24 1588697454.392 1588697460.467 1588697452.357 1588697458.453 1588697466.531 1588697454.361 1588697460.454 1588697468.534
baseline 1588697590.25 1588697596.382 1588697602.457 1588697594.347 1588697600.441 1588697606.521 1588697596.353 1588697602.443 1588697608.525
baseline 1588697605.875 1588697650.031 1588697658.106 1588697647.999 1588697656.091 1588697748.231 1588697650.006 1588697658.095 1588697750.233
baseline 1588697460.523 1588697520.796 1588697587.458 1588697518.653 1588697584.916 1588697593.515 1588697520.659 1588697586.919 1588697595.518
baseline 1588697460.268 1588697468.401 1588697476.492 1588697466.365 1588697474.468 1588697482.55 1588697468.371 1588697476.471 1588697484.552
baseline 1588697460.219 1588697466.34 1588697470.415 1588697464.317  1588697476.477 1588697466.321 1588697470.401 1588697478.48
baseline 1588697610.228 1588697674.419 1588697760.567 1588697672.391 1588697758.551 1588697826.678 1588697674.394 1588697760.554 1588697828.68
baseline 1588697463.94 1588697474.079 1588697488.187 1588697472.054 1588697486.16 1588697496.24 1588697474.059 1588697488.163 1588697498.242
baseline 1588697471.301 1588697477.441 1588697483.577 1588697475.403 1588697481.539 1588697487.655 1588697477.409 1588697483.542 1588697489.659
baseline 1588697474.392 1588697491.032 1588697499.113 1588697488.488 1588697497.089 1588697503.177 1588697490.496 1588697499.094 1588697505.181
baseline 1588697475.015 1588697489.151 1588697497.231 1588697487.106 1588697495.209 1588697501.309 1588697489.123 1588697497.212 1588697503.313
baseline 1588697479.3 1588697533.476 1588697539.558 1588697531.436 1588697537.538 1588697543.622 1588697533.441 1588697539.541 1588697545.626
baseline 1588697479.845 1588697532.431 1588697606.587 1588697529.98 1588697604.558 1588697668.713 1588697531.986 1588697606.56 1588697670.717
baseline 1588697483.757 1588697491.893 1588697501.984 1588697489.849 1588697499.962 1588697556.097 1588697491.862 1588697501.965 1588697558.101
baseline 1588697486.999 1588697561.17 1588697565.242 1588697559.142  1588697569.297 1588697561.147 1588697565.23 1588697571.299
baseline 1588697613.34 1588697623.467 1588697683.61 1588697621.437 1588697681.584 1588697747.731 1588697623.441 1588697683.588 1588697749.735
baseline 1588697629.011 1588697685.166 1588697691.233 1588697683.142 1588697689.217  1588697685.145 1588697691.22 1588697695.282
baseline 1588697500.917 1588697557.293 1588697607.417 1588697555.053 1588697605.397 1588697661.516 1588697557.058 1588697607.401 1588697663.52
baseline 1588697500.887 1588697511.006 1588697517.084 1588697508.975 1588697515.061 1588697521.142 1588697510.979 1588697517.065 1588697523.145
baseline 1588697660.136 1588697666.249 1588697670.325 1588697664.224  1588697674.378 1588697666.229 1588697670.309 1588697676.38
baseline 1588697512.31 1588697518.424 1588697524.543 1588697516.399 1588697522.524 1588697528.607 1588697518.405 1588697524.528 1588697530.611
baseline 1588697513.793 1588697519.94 1588697588.082 1588697517.907 1588697586.058 1588697646.193 1588697519.916 1588697588.061 1588697648.197
baseline 1588697523.719 1588697529.831 1588697539.908 1588697527.812 1588697537.885 1588697543.974 1588697529.815 1588697539.889 1588697545.98
baseline 1588697523.679 1588697529.814 1588697535.907 1588697527.788 1588697533.885 1588697539.962 1588697529.793 1588697535.89 1588697541.965
baseline 1588697660.78 1588697759.006 1588697765.079 1588697756.975 1588697763.057 1588697773.135 1588697758.979 1588697765.059 1588697775.139
baseline 1588697530.889 1588697623.095 1588697633.174 1588697621.072 1588697631.158 1588697641.249 1588697623.075 1588697633.159 1588697643.252
baseline 1588697673.003 1588697681.148 1588697693.228 1588697679.121 1588697691.204 1588697697.283 1588697681.125 1588697693.207 1588697699.287
baseline 1588697542.808 1588697548.915 1588697555.011 1588697546.887 1588697552.979 1588697559.07 1588697548.894 1588697554.983 1588697561.072
baseline 1588697544.292 1588697550.424 1588697556.507 1588697548.396 1588697554.486 1588697564.575 1588697550.403 1588697556.49 1588697566.577
baseline 1588697549.853 1588697555.985 1588697614.129 1588697553.956 1588697612.105 1588697622.197 1588697555.961 1588697614.11 1588697624.199
baseline 1588697673.003 1588697677.145 1588697683.221  1588697681.203 1588697693.279 1588697677.123 1588697683.205 1588697695.283
baseline 1588697554.148 1588697560.267 1588697568.354 1588697558.241 1588697566.337 1588697572.41 1588697560.247 1588697568.34 1588697574.415
baseline 1588697742.793 1588697800.958 1588697807.046 1588697798.93 1588697805.015 1588697813.095 1588697800.935 1588697807.016 1588697815.098
baseline 1588697570.787 1588697576.925 1588697585.015 1588697574.899 1588697582.984 1588697593.091 1588697576.905 1588697584.987 1588697595.094
baseline 1588697691.442 1588697839.7 1588697847.784 1588697837.677 1588697845.764 1588697867.851 1588697839.681 1588697847.767 1588697869.855
baseline 1588697742.793 1588697770.958 1588697795.046 1588697768.886 1588697793.03 1588697799.101 1588697770.891 1588697795.032 1588697801.104
baseline 1588697579.558 1588697585.679 1588697591.746 1588697583.653 1588697589.73 1588697595.804 1588697585.659 1588697591.733 1588697597.806
baseline 1588697586.082 1588697592.179 1588697598.264 1588697590.153 1588697596.235  1588697592.16 1588697598.247 1588697602.332
baseline 1588697759.319 1588697765.428 1588697771.494 1588697763.41 1588697769.474 1588697783.563 1588697765.413 1588697771.477 1588697785.567
baseline 1588697759.336 1588697867.56 1588697875.636 1588697865.533 1588697873.615 1588697883.69 1588697867.536 1588697875.617 1588697885.695
baseline 1588697720.314 1588697724.434 1588697789.428  1588697786.549 1588697793.492 1588697724.411 1588697788.552 1588697797.495
baseline 1588697605.048 1588697609.146 1588697617.22  1588697615.194 1588697621.288 1588697609.123 1588697617.197 1588697623.292
baseline 1588697726.336 1588697730.451 1588697734.529   1588697834.696 1588697730.43 1588697734.515 1588697836.699
baseline 1588697608.931 1588697717.157 1588697723.263 1588697715.129 1588697721.233 1588697733.333 1588697717.133 1588697723.235 1588697735.334
baseline 1588697610.373 1588697614.477 1588697620.569  1588697618.553  1588697614.455 1588697620.555 1588697624.633
baseline 1588697743.158 1588697769.687 1588697775.771 1588697767.271 1588697773.751 1588697779.847 1588697769.277 1588697775.754 1588697781.85
baseline 1588697623.048 1588697633.167 1588697641.266 1588697631.14 1588697639.233 1588697649.331 1588697633.144 1588697641.236 1588697651.335
baseline 1588697804.113 1588697810.223 1588697816.286 1588697808.199 1588697814.269 1588697892.403 1588697810.202 1588697816.271 1588697894.407
baseline 1588697626.663 1588697630.8 1588697636.874  1588697634.857 1588697703.001 1588697630.779 1588697636.859 1588697705.006
baseline 1588697633.995 1588697642.132 1588697650.218 1588697640.1 1588697648.189 1588697654.273 1588697642.107 1588697650.192 1588697656.277
baseline 1588697637.652 1588697693.827 1588697703.907 1588697691.8 1588697701.887 1588697711.979 1588697693.805 1588697703.889 1588697713.98
baseline 1588697639.152 1588697645.302 1588697653.39 1588697643.258 1588697651.365 1588697683.465 1588697645.283 1588697653.369 1588697685.47
baseline 1588697769.823 1588697775.967 1588697782.06 1588697773.945 1588697780.034 1588697866.195 1588697775.95 1588697782.038 1588697868.199
baseline 1588697769.805 1588697775.951 1588697780.03 1588697773.921  1588697784.083 1588697775.928 1588697780.015 1588697786.086
baseline 1588697647.884 1588697652.023 1588697666.133  1588697664.093 1588697670.212 1588697652.002 1588697666.107 1588697672.216
baseline 1588697761.285 1588697817.47 1588697823.548 1588697815.431 1588697821.528 1588697831.614 1588697817.436 1588697823.53 1588697833.617
baseline 1588697649.6 1588697655.755 1588697661.846 1588697653.721 1588697659.829  1588697655.725 1588697661.832 1588697665.908
baseline 1588697762.845 1588697770.978 1588697869.19 1588697768.949 1588697867.166 1588697925.304 1588697770.954 1588697869.17 1588697927.307
baseline 1588697788.707 1588697837.563 1588697901.702 1588697834.848 1588697899.68 1588697909.758 1588697836.853 1588697901.684 1588697911.759
baseline 1588697654.271 1588697660.399 1588697666.47 1588697658.365 1588697664.455 1588697670.524 1588697660.373 1588697666.458 1588697672.527
baseline 1588697660.589 1588697668.711 1588697672.786 1588697666.68  1588697676.855 1588697668.683 1588697672.771 1588697678.859
baseline 1588697663.704 1588697709.867 1588697719.951 1588697707.84 1588697717.932 1588697726.019 1588697709.846 1588697719.935 1588697728.022
baseline 1588697663.818 1588697734.189 1588697808.337 1588697731.972 1588697806.317 1588697812.393 1588697733.98 1588697808.32 1588697814.395
baseline 1588697767.024 1588697781.271 1588697869.787 1588697779.12 1588697867.419 1588697941.922 1588697781.125 1588697869.423 1588697943.925
baseline 1588697823.932 1588697834.064 1588697886.183 1588697832.036 1588697884.159 1588697894.247 1588697834.041 1588697886.163 1588697896.249
baseline 1588697767.513 1588697773.632 1588697787.721 1588697771.605 1588697785.685 1588697795.786 1588697773.611 1588697787.689 1588697797.788
baseline 1588697665.326 1588697723.49 1588697785.629 1588697721.462 1588697783.61 1588697855.752 1588697723.466 1588697785.612 1588697857.756
baseline 1588697665.264 1588697671.399 1588697677.496 1588697669.361 1588697675.471 1588697681.558 1588697671.365 1588697677.475 1588697683.561
baseline 1588697667.334 1588697781.558 1588697789.643 1588697779.528 1588697787.623 1588697857.759 1588697781.535 1588697789.629 1588697859.765
baseline 1588697677.871 1588697775.227 1588697783.314 1588697768.031 1588697781.293 1588697789.372 1588697770.038 1588697783.296 1588697791.374
baseline 1588697804.209 1588697816.329 1588697820.407 1588697814.301   1588697816.307 1588697820.388 1588697824.468
baseline 1588697678.148 1588697684.273 1588697702.775 1588697682.247 1588697700.333 1588697706.828 1588697684.252 1588697702.336 1588697708.831
baseline 1588697679.546 1588697685.68 1588697699.77 1588697683.648 1588697697.745 1588697727.856 1588697685.656 1588697699.749 1588697729.858
baseline 1588697808.943 1588697819.068 1588697881.202 1588697817.038 1588697879.177 1588697891.261 1588697819.044 1588697881.18 1588697893.264
baseline 1588697866.325 1588697874.431 1588697884.508 1588697872.403 1588697882.486 1588697894.572 1588697874.409 1588697884.488 1588697896.573
baseline 1588697685.408 1588697701.565 1588697707.656 1588697699.532 1588697705.633 1588697711.72 1588697701.54 1588697707.637 1588697713.721
baseline 1588697691.334 1588697699.463 1588697705.542 1588697697.439 1588697703.527 1588697761.646 1588697699.443 1588697705.53 1588697763.651
baseline 1588697693.428 1588697703.554 1588697713.637 1588697701.524 1588697711.612 1588697719.136 1588697703.529 1588697713.614 1588697721.138
baseline 1588697790.052 1588697846.233 1588697856.32 1588697844.199 1588697854.3 1588697860.379 1588697846.204 1588697856.302 1588697862.381
baseline 1588697693.507 1588697721.642 1588697729.723 1588697719.612 1588697727.705 1588697797.848 1588697721.618 1588697729.709 1588697799.851
baseline 1588697695.741 1588697701.863 1588697715.108 1588697699.838 1588697711.925 1588697719.16 1588697701.844 1588697713.928 1588697721.162
baseline 1588697856.044 1588697878.171 1588697888.265 1588697876.142 1588697886.239 1588697912.335 1588697878.148 1588697888.241 1588697914.339
baseline 1588697843.403 1588697849.526 1588697899.649 1588697847.492 1588697897.625 1588697909.712 1588697849.499 1588697899.629 1588697911.714
baseline 1588697844.014 1588697852.15 1588697860.228 1588697850.123 1588697858.205 1588697902.325 1588697852.128 1588697860.208 1588697904.328
baseline 1588697706.877 1588697713.004 1588697719.081 1588697710.974 1588697717.064 1588697727.153 1588697712.981 1588697719.067 1588697729.156
baseline 1588697827.817 1588697831.937 1588697894.075  1588697892.049 1588697898.136 1588697831.92 1588697894.054 1588697900.139
baseline 1588697835.101 1588697845.235 1588697857.315 1588697843.206 1588697855.292 1588697861.376 1588697845.211 1588697857.297 1588697863.379
baseline 1588697718.158 1588697728.286 1588697734.362 1588697726.256 1588697732.341 1588697798.477 1588697728.261 1588697734.345 1588697800.481
baseline 1588697868.869 1588697876.988 1588697889.066 1588697874.958 1588697887.041 1588697897.127 1588697876.964 1588697889.045 1588697899.129
baseline 1588697724.176 1588697786.341 1588697792.442 1588697784.313 1588697790.423 1588697854.559 1588697786.319 1588697792.425 1588697858.564
baseline 1588697844.028 1588697850.146 1588697870.232 1588697848.122 1588697868.208 1588697904.324 1588697850.127 1588697870.213 1588697906.327
baseline 1588697731.647 1588697735.764 1588697745.837  1588697743.821 1588697749.893 1588697735.738 1588697745.824 1588697751.898
baseline 1588697872.274 1588697876.43 1588697888.508  1588697886.483 1588697896.567 1588697876.408 1588697888.487 1588697898.57
