1588692270.120904,[3, 0, 0],[1]
1588692280.6430988,[10, 12, 10],[29]
1588692291.2566125,[12, 12, 11],[28]
1588692301.7805858,[14, 14, 11],[29]
1588692312.3061671,[15, 15, 13],[34]
1588692322.8414521,[15, 15, 13],[30]
1588692333.3821955,[16, 15, 14],[30]
1588692344.0702868,[16, 16, 14],[30]
1588692354.610382,[17, 16, 16],[32]
1588692365.1330788,[18, 16, 17],[33]
1588692375.657486,[19, 16, 17],[30]
1588692386.1893387,[19, 20, 17],[35]
1588692396.7426276,[19, 21, 19],[36]
1588692407.4992204,[21, 21, 19],[34]
1588692418.0829945,[22, 22, 19],[34]
1588692428.6342888,[22, 23, 19],[36]
1588692439.175518,[22, 23, 19],[35]
1588692449.7215211,[26, 23, 19],[34]
1588692460.2603242,[26, 24, 19],[36]
1588692470.8097675,[26, 24, 19],[30]
1588692481.5964131,[26, 25, 21],[36]
1588692492.1510024,[26, 25, 21],[36]
1588692502.702183,[27, 25, 21],[31]
1588692513.2613616,[27, 27, 22],[36]
1588692523.8231814,[27, 27, 23],[38]
1588692534.37123,[27, 27, 23],[39]
1588692544.93763,[27, 28, 23],[42]
1588692555.7564824,[27, 28, 23],[37]
1588692566.3221273,[27, 29, 23],[38]
1588692576.8844042,[27, 29, 23],[37]
1588692587.442432,[27, 30, 23],[35]
1588692598.0255437,[27, 31, 24],[42]
1588692608.5715644,[27, 31, 24],[42]
1588692619.1392274,[27, 31, 24],[40]
1588692629.7035718,[27, 31, 24],[39]
1588692640.2668731,[27, 31, 24],[43]
1588692651.1308584,[27, 31, 24],[39]
1588692661.7286682,[27, 31, 26],[40]
1588692672.2950058,[27, 31, 27],[43]
1588692682.862342,[27, 31, 27],[39]
1588692693.4158666,[27, 31, 27],[38]
1588692703.983575,[27, 31, 27],[40]
1588692714.5842977,[27, 31, 27],[41]
1588692725.1401591,[27, 31, 27],[46]
1588692735.7177575,[28, 31, 27],[45]
1588692746.2778347,[29, 31, 27],[42]
1588692757.2096105,[29, 31, 27],[39]
1588692767.781049,[30, 31, 27],[39]
1588692778.3532732,[32, 31, 27],[41]
1588692788.9231231,[36, 31, 27],[41]
1588692799.4957547,[36, 31, 28],[41]
1588692810.073623,[36, 31, 28],[41]
1588692820.6459942,[36, 32, 28],[44]
1588692831.2459593,[36, 32, 28],[49]
1588692841.8162975,[36, 32, 28],[49]
1588692852.3883898,[36, 33, 28],[46]
1588692863.3144453,[36, 33, 28],[44]
1588692873.8842528,[36, 33, 28],[46]
1588692884.4669018,[36, 33, 28],[51]
1588692895.0480669,[36, 33, 28],[56]
1588692905.613091,[36, 33, 28],[61]
1588692916.1791646,[36, 33, 28],[62]
1588692926.7455337,[36, 33, 28],[64]
1588692937.3164196,[36, 33, 28],[68]
1588692947.9016433,[36, 33, 28],[69]
1588692958.476174,[36, 33, 28],[69]
1588692969.110152,[36, 33, 28],[69]
1588692979.691861,[36, 33, 28],[69]
1588692990.6945324,[36, 33, 28],[69]
1588693001.276378,[36, 33, 28],[69]
1588693011.8486702,[36, 33, 28],[69]
1588693022.4227638,[36, 33, 28],[69]
1588693033.0183094,[36, 33, 28],[69]
1588693043.6009076,[36, 33, 28],[69]
1588693054.1709054,[36, 33, 28],[69]
1588693064.7599754,[36, 33, 28],[69]
1588693075.3408377,[36, 33, 28],[69]
1588693085.9260917,[36, 33, 28],[69]
1588693096.5150452,[36, 33, 28],[69]
1588693107.0950317,[36, 33, 28],[69]
1588693117.6735992,[36, 33, 28],[69]
1588693128.2469022,[36, 33, 28],[69]
1588693139.2900949,[36, 33, 28],[69]
1588693149.8972232,[36, 33, 28],[69]
1588693160.4859073,[36, 33, 28],[69]
1588693171.0741193,[36, 33, 28],[69]
1588693181.6799095,[36, 33, 28],[69]
1588693192.278268,[36, 33, 28],[69]
1588693202.8758023,[36, 33, 28],[69]
1588693213.469852,[36, 33, 28],[69]
1588693224.0524046,[36, 33, 28],[69]
1588693234.6494303,[36, 33, 28],[69]
1588693245.2586875,[36, 33, 28],[69]
1588693255.8489947,[36, 33, 28],[69]
1588693266.434114,[36, 33, 28],[69]
1588693277.0310605,[36, 33, 28],[69]
1588693287.622942,[36, 33, 28],[69]
1588693298.750875,[36, 33, 28],[69]
1588693309.3671184,[36, 33, 28],[69]
1588693319.9721467,[36, 33, 28],[69]
1588693330.574361,[36, 33, 28],[69]
1588693341.183976,[36, 33, 28],[69]
1588693351.7746818,[36, 33, 28],[69]
1588693362.36809,[36, 33, 28],[69]
1588693372.975012,[36, 33, 28],[69]
1588693383.5789597,[36, 33, 28],[69]
1588693394.195075,[36, 33, 28],[69]
1588693404.8162775,[36, 33, 28],[69]
1588693415.4331644,[36, 33, 28],[69]
1588693426.1378376,[36, 33, 28],[69]
1588693436.7528784,[36, 33, 28],[69]
1588693447.3777914,[36, 33, 28],[69]
1588693457.9923756,[36, 33, 28],[69]
1588693469.1723938,[36, 33, 28],[69]
1588693479.8014708,[36, 33, 28],[69]
1588693491.079565,[29, 23, 18],[42]
1588693501.6723943,[29, 23, 18],[42]
1588693512.2800825,[29, 23, 18],[42]
1588693522.8891132,[29, 23, 18],[42]
1588693533.4881253,[29, 23, 18],[42]
1588693544.109058,[29, 23, 18],[42]
1588693554.7365549,[29, 23, 18],[42]
1588693565.3588355,[29, 23, 18],[42]
1588693575.9776213,[29, 23, 18],[42]
1588693586.6048048,[29, 23, 18],[42]
1588693597.2278013,[29, 23, 18],[42]
1588693607.8652396,[29, 23, 18],[42]
1588693618.483579,[29, 23, 18],[42]
1588693629.1032345,[29, 23, 18],[42]
1588693639.7283072,[29, 23, 18],[42]
1588693650.3667953,[29, 23, 18],[42]
1588693661.0086524,[29, 23, 18],[42]
1588693684.3819852,[29, 23, 18],[0]
1588693700.904881,[29, 23, 18],[0]
1588693710.9277537,[29, 23, 18],[0]
1588693720.9501896,[29, 23, 18],[0]
1588693730.9724808,[29, 23, 18],[0]
1588693740.9949267,[29, 23, 18],[0]
1588693751.00739,[29, 23, 18],[0]
1588693761.0216312,[29, 23, 18],[0]
1588693771.0404336,[29, 23, 18],[0]
1588693781.064158,[29, 23, 18],[0]
1588693791.081089,[29, 23, 18],[0]
1588693801.0955157,[29, 23, 18],[0]
1588693811.1190076,[29, 23, 18],[0]
1588693821.1332881,[29, 23, 18],[0]
1588693831.1498752,[29, 23, 18],[0]
1588693841.1722758,[29, 23, 18],[0]
1588693851.1945927,[29, 23, 18],[0]
1588693861.2169259,[29, 23, 18],[0]
1588693871.2329092,[29, 23, 18],[0]
1588693881.2470574,[29, 23, 18],[0]
1588693891.2639759,[29, 23, 18],[0]
1588693901.2830129,[29, 23, 18],[0]
1588693911.313927,[28, 23, 18],[0]
1588693921.3522544,[26, 23, 18],[0]
1588693931.378984,[25, 23, 18],[0]
1588693941.401266,[25, 23, 18],[0]
1588693951.4322214,[24, 23, 18],[0]
1588693961.4561346,[24, 23, 18],[0]
1588693971.479706,[24, 23, 18],[0]
1588693981.5013044,[24, 23, 18],[0]
1588693991.5273824,[23, 23, 18],[0]
1588694001.563103,[21, 23, 18],[0]
1588694011.59579,[21, 22, 18],[0]
1588694021.6284976,[20, 22, 18],[0]
1588694031.6674085,[19, 22, 17],[0]
1588694041.7001615,[19, 21, 17],[0]
1588694051.73268,[18, 20, 17],[0]
1588694061.7545109,[18, 20, 17],[0]
1588694071.8083076,[17, 20, 15],[0]
1588694081.8509407,[14, 20, 15],[0]
1588694091.8866074,[14, 18, 15],[0]
1588694101.937109,[13, 15, 14],[0]
1588694111.9893155,[12, 11, 14],[0]
1588694122.0296323,[11, 10, 13],[0]
1588694132.066792,[11, 10, 11],[0]
1588694142.0903888,[11, 10, 10],[0]
1588694152.1344068,[11, 9, 8],[0]
1588694162.1564667,[11, 9, 8],[0]
1588694172.1786602,[11, 9, 8],[0]
1588694182.2008185,[11, 9, 8],[0]
1588694192.2230499,[11, 9, 8],[0]
1588694202.2428656,[11, 9, 8],[0]
1588694212.2649648,[11, 9, 8],[0]
1588694222.284099,[11, 9, 8],[0]
1588694232.3063009,[11, 9, 8],[0]
1588694242.3286066,[11, 9, 8],[0]
1588694252.3453176,[11, 9, 8],[0]
1588694262.367556,[11, 9, 8],[0]
1588694272.386857,[11, 9, 8],[0]
1588694282.404614,[11, 9, 8],[0]
1588694292.426647,[11, 9, 8],[0]
1588694302.4465394,[11, 9, 8],[0]
1588694312.4625034,[11, 9, 8],[0]
1588694322.483391,[11, 9, 8],[0]
1588694332.4998357,[11, 9, 8],[0]
1588694342.522835,[11, 9, 8],[0]
1588694352.542858,[11, 9, 8],[0]
1588694362.5629182,[11, 9, 8],[0]
1588694372.5815563,[11, 9, 8],[0]
1588694382.60351,[11, 9, 8],[0]
1588694392.625689,[11, 9, 8],[0]
1588694402.6490574,[11, 9, 8],[0]
1588694412.6722047,[11, 9, 8],[0]
1588694422.6901863,[11, 9, 8],[0]
1588694432.7132678,[11, 9, 8],[0]
1588694442.733857,[11, 9, 8],[0]
1588694452.7536316,[11, 9, 8],[0]
1588694462.7708209,[11, 9, 8],[0]
1588694472.7940664,[11, 9, 8],[0]
1588694482.8165243,[11, 9, 8],[0]
1588694492.8396037,[11, 9, 8],[0]
1588694502.8613245,[11, 9, 8],[0]
1588694512.8826737,[11, 9, 8],[0]
1588694522.905817,[11, 9, 8],[0]
1588694532.9228435,[11, 9, 8],[0]
1588694542.9427838,[11, 9, 8],[0]
1588694552.960831,[11, 9, 8],[0]
1588694562.98279,[11, 9, 8],[0]
1588694572.994857,[11, 9, 8],[0]
1588694583.017138,[11, 9, 8],[0]
1588694593.0333385,[11, 9, 8],[0]
1588694603.047731,[11, 9, 8],[0]
1588694613.0669596,[11, 9, 8],[0]
1588694623.088014,[11, 9, 8],[0]
1588694633.1109028,[11, 9, 8],[0]
1588694643.1308885,[11, 9, 8],[0]
1588694653.1496663,[11, 9, 8],[0]
1588694663.1715639,[11, 9, 8],[0]
