b 1588692253.282 1588692305.458 1588692349.983 1588692303.421 1588692347.56 1588692420.11 1588692305.427 1588692349.562 1588692422.113
b 1588692256.108 1588692284.516 1588692352.664 1588692282.239 1588692350.645 1588692408.783 1588692284.245 1588692352.647 1588692410.785
b 1588692175.205 1588692187.39 1588692199.485 1588692185.349 1588692197.47 1588692223.569 1588692187.356 1588692199.473 1588692225.57
b 1588692264.894 1588692273.025 1588692305.162 1588692270.988 1588692303.129 1588692353.272 1588692272.993 1588692305.133 1588692355.276
b 1588692177.336 1588692185.469 1588692197.563 1588692183.441 1588692195.54 1588692267.696 1588692185.446 1588692197.543 1588692269.698
b 1588692298.818 1588692312.95 1588692381.079 1588692310.927 1588692379.066 1588692451.198 1588692312.932 1588692381.068 1588692453.2
b 1588692185.423 1588692195.782 1588692225.89 1588692193.525 1588692223.871 1588692233.959 1588692195.53 1588692225.873 1588692235.961
b 1588692298.809 1588692336.959 1588692345.051 1588692334.919 1588692343.035 1588692409.166 1588692336.926 1588692345.038 1588692411.168
b 1588692298.813 1588692310.951 1588692355.057 1588692308.922 1588692353.043 1588692361.113 1588692310.926 1588692355.046 1588692363.115
b 1588692186.745 1588692228.903 1588692236.987 1588692226.87 1588692234.969 1588692243.051 1588692228.877 1588692236.972 1588692245.052
b 1588692188.878 1588692215.035 1588692229.12 1588692212.996 1588692227.104 1588692287.227 1588692215.002 1588692229.108 1588692289.23
b 1588692298.827 1588692310.955 1588692361.066 1588692308.927 1588692359.051 1588692449.203 1588692310.931 1588692361.053 1588692451.207
b 1588692289.345 1588692315.477 1588692325.563 1588692313.448 1588692323.544 1588692331.63 1588692315.455 1588692325.546 1588692333.632
b 1588692200.214 1588692274.398 1588692364.591 1588692272.356 1588692362.564 1588692370.654 1588692274.363 1588692364.567 1588692372.658
b 1588692284.343 1588692304.526 1588692358.672 1588692302.466 1588692356.647 1588692432.829 1588692304.471 1588692358.649 1588692434.83
b 1588692296.564 1588692382.791 1588692392.896 1588692380.767 1588692390.87 1588692398.96 1588692382.772 1588692392.871 1588692400.963
b 1588692288.21 1588692298.341 1588692310.431 1588692296.309 1588692308.41 1588692358.532 1588692298.314 1588692310.413 1588692360.535
b 1588692297.743 1588692335.904 1588692348.399 1588692333.873 1588692346.377 1588692354.461 1588692335.879 1588692348.381 1588692356.463
b 1588692202.769 1588692210.889 1588692222.985 1588692208.849 1588692220.953 1588692265.096 1588692210.854 1588692222.956 1588692267.099
b 1588692205.239 1588692217.362 1588692247.558 1588692215.33 1588692245.454 1588692301.672 1588692217.335 1588692247.458 1588692303.674
b 1588692302.154 1588692366.506 1588692470.716 1588692364.314 1588692468.691 1588692594.908 1588692366.32 1588692470.695 1588692596.91
b 1588692311.171 1588692385.373 1588692503.575 1588692383.342 1588692501.555 1588692513.642 1588692385.349 1588692503.558 1588692515.646
b 1588692215.356 1588692251.517 1588692261.619 1588692249.488 1588692259.593 1588692323.741 1588692251.493 1588692261.595 1588692325.746
b 1588692216.523 1588692288.702 1588692386.865 1588692286.673 1588692384.848 1588692392.932 1588692288.679 1588692386.85 1588692394.936
b 1588692329.557 1588692385.724 1588692501.918 1588692383.689 1588692499.899 1588692511.987 1588692385.695 1588692501.901 1588692513.99
b 1588692325.815 1588692422.051 1588692430.145 1588692420.012 1588692428.12 1588692434.207 1588692422.018 1588692430.124 1588692436.209
b 1588692222.273 1588692266.436 1588692276.514 1588692264.417 1588692274.496 1588692368.67 1588692266.422 1588692276.497 1588692370.673
b 1588692346.513 1588692416.773 1588692510.971 1588692414.736 1588692508.951 1588692589.131 1588692416.741 1588692510.953 1588692591.134
b 1588692342.059 1588692436.269 1588692556.704 1588692434.243 1588692554.443 1588692564.774 1588692436.247 1588692556.445 1588692566.785
b 1588692229.075 1588692237.321 1588692249.413 1588692235.285 1588692247.387 1588692255.485 1588692237.289 1588692249.392 1588692257.488
b 1588692230.067 1588692296.258 1588692306.363 1588692294.236 1588692304.345 1588692384.498 1588692296.239 1588692306.346 1588692386.504
b 1588692358.164 1588692366.335 1588692446.601 1588692364.312 1588692444.467 1588692454.667 1588692366.316 1588692446.469 1588692456.669
b 1588692233.604 1588692295.885 1588692368.052 1588692293.764 1588692366.017 1588692472.212 1588692295.768 1588692368.021 1588692474.215
b 1588692240.361 1588692294.525 1588692300.608 1588692292.497 1588692298.589 1588692424.792 1588692294.503 1588692300.592 1588692426.795
b 1588692374.679 1588692384.844 1588692390.923 1588692382.822 1588692388.911 1588692400.983 1588692384.827 1588692390.913 1588692402.987
b 1588692246.064 1588692312.219 1588692388.374 1588692310.192 1588692386.352 1588692394.434 1588692312.197 1588692388.355 1588692400.443
b 1588692398.166 1588692500.47 1588692620.685 1588692498.436 1588692618.661 1588692694.831 1588692500.442 1588692620.665 1588692696.838
b 1588692398.192 1588692406.397 1588692412.477 1588692404.37 1588692410.46 1588692418.549 1588692406.375 1588692412.463 1588692420.553
b 1588692398.245 1588692410.475 1588692418.583 1588692408.433 1588692416.563 1588692424.643 1588692410.439 1588692418.566 1588692426.647
b 1588692256.662 1588692342.866 1588692350.964 1588692340.84 1588692348.944 1588692355.026 1588692342.843 1588692350.947 1588692357.029
b 1588692257.872 1588692352.085 1588692360.17 1588692350.056 1588692358.153 1588692450.313 1588692352.061 1588692360.157 1588692452.316
b 1588692397.443 1588692405.66 1588692417.771 1588692403.623 1588692415.739 1588692421.844 1588692405.628 1588692417.743 1588692423.847
b 1588692395.589 1588692401.78 1588692407.866 1588692399.754 1588692405.843 1588692411.928 1588692401.76 1588692407.846 1588692413.931
b 1588692397.419 1588692403.614 1588692419.706 1588692401.591 1588692417.681 1588692595.945 1588692403.596 1588692419.686 1588692597.948
b 1588692269.496 1588692329.677 1588692509.939 1588692327.625 1588692507.911 1588692516.004 1588692329.631 1588692509.915 1588692518.007
b 1588692273.112 1588692281.235 1588692359.855 1588692279.206 1588692357.372 1588692365.923 1588692281.212 1588692359.376 1588692367.928
b 1588692428.256 1588692506.579 1588692588.756 1588692504.539 1588692586.733 1588692592.811 1588692506.545 1588692588.735 1588692594.816
b 1588692415.732 1588692421.945 1588692428.036 1588692419.925 1588692426.011 1588692432.107 1588692421.929 1588692428.015 1588692434.11
b 1588692387.857 1588692396.042 1588692404.127 1588692394.022 1588692402.108 1588692410.187 1588692396.025 1588692404.11 1588692412.191
b 1588692443.067 1588692451.31 1588692459.409 1588692449.287 1588692457.379 1588692463.479 1588692451.291 1588692459.386 1588692465.481
b 1588692275.749 1588692420.073 1588692428.148 1588692418.044 1588692426.129 1588692436.213 1588692420.052 1588692428.133 1588692438.216
b 1588692284.974 1588692305.162 1588692309.241 1588692303.134  1588692313.304 1588692305.139 1588692309.226 1588692315.306
b 1588692442.047 1588692532.344 1588692544.424 1588692530.315 1588692542.41 1588692552.486 1588692532.321 1588692544.412 1588692554.488
b 1588692286.612 1588692294.798 1588692386.96 1588692292.761 1588692384.937 1588692395.028 1588692294.767 1588692386.94 1588692399.03
b 1588692287.622 1588692293.777 1588692303.879 1588692291.744 1588692301.849 1588692420.047 1588692293.749 1588692303.852 1588692422.05
b 1588692286.48 1588692296.679 1588692302.762 1588692292.649 1588692300.745 1588692306.827 1588692296.655 1588692302.747 1588692308.83
b 1588692288.71 1588692298.854 1588692304.937 1588692296.829 1588692302.92 1588692308.999 1588692298.833 1588692304.923 1588692311.001
b 1588692298.847 1588692367.073 1588692377.163 1588692365.044 1588692375.144 1588692475.314 1588692367.049 1588692377.146 1588692477.317
b 1588692301.798 1588692392.044 1588692398.134 1588692390.016 1588692396.117 1588692402.208 1588692392.02 1588692398.12 1588692404.211
b 1588692301.532 1588692367.745 1588692375.826 1588692365.717 1588692373.809 1588692381.891 1588692367.722 1588692375.81 1588692383.894
b 1588692449.123 1588692461.33 1588692469.408 1588692459.306 1588692467.394 1588692477.47 1588692461.312 1588692469.396 1588692479.473
b 1588692473.038 1588692481.278 1588692487.367 1588692479.246 1588692485.345 1588692493.427 1588692481.253 1588692487.348 1588692495.43
b 1588692304.45 1588692308.609 1588692314.686  1588692312.664 1588692418.852 1588692308.589 1588692314.667 1588692420.853
b 1588692452.019 1588692460.239 1588692558.46 1588692458.214 1588692556.393 1588692566.544 1588692460.218 1588692558.396 1588692568.546
b 1588692313.099 1588692385.814 1588692397.901 1588692383.328 1588692395.882 1588692401.975 1588692385.333 1588692397.886 1588692403.977
b 1588692472.956 1588692561.278 1588692571.344 1588692559.251 1588692569.331 1588692575.395 1588692561.255 1588692571.332 1588692577.398
b 1588692316.82 1588692325.034 1588692331.118 1588692323.009 1588692329.095 1588692335.184 1588692325.015 1588692331.098 1588692337.186
b 1588692502.398 1588692656.796 1588692754.993 1588692654.767 1588692752.946 1588692855.147 1588692656.773 1588692754.951 1588692857.15
b 1588692446.869 1588692531.201 1588692543.294 1588692529.168 1588692541.27 1588692553.365 1588692531.175 1588692543.274 1588692555.368
b 1588692326.325 1588692416.787 1588692430.872 1588692414.588 1588692428.853 1588692434.937 1588692416.593 1588692430.857 1588692436.94
b 1588692326.304 1588692426.593 1588692504.742 1588692424.564 1588692502.721 1588692508.805 1588692426.568 1588692504.723 1588692510.81
b 1588692326.446 1588692422.719 1588692432.827 1588692420.685 1588692430.807 1588692438.888 1588692422.69 1588692432.808 1588692440.891
b 1588692327.481 1588692333.657 1588692343.746 1588692331.633 1588692341.72 1588692347.817 1588692333.637 1588692343.725 1588692349.82
b 1588692328.837 1588692475.151 1588692487.235 1588692473.123 1588692485.214 1588692499.304 1588692475.127 1588692487.218 1588692501.307
b 1588692339.627 1588692345.801 1588692351.902 1588692343.78 1588692349.879 1588692355.972 1588692345.784 1588692351.883 1588692357.974
b 1588692520.644 1588692526.911 1588692537.005 1588692524.884 1588692534.969 1588692541.071 1588692526.889 1588692536.974 1588692543.074
b 1588692341.062 1588692347.235 1588692353.333 1588692345.213 1588692351.31 1588692357.401 1588692347.219 1588692353.313 1588692359.403
b 1588692488.025 1588692496.294 1588692502.414 1588692494.267 1588692500.384 1588692618.603 1588692496.273 1588692502.387 1588692620.605
b 1588692346.345 1588692474.628 1588692546.786 1588692472.6 1588692544.763 1588692610.917 1588692474.604 1588692546.766 1588692612.919
b 1588692509.961 1588692586.29 1588692600.381 1588692584.265 1588692598.363 1588692610.461 1588692586.269 1588692600.366 1588692612.465
b 1588692502.351 1588692654.751 1588692660.84 1588692652.722 1588692658.819 1588692666.898 1588692654.727 1588692660.822 1588692668.902
b 1588692502.607 1588692512.852 1588692520.926 1588692510.831 1588692518.91 1588692524.987 1588692512.834 1588692520.912 1588692526.989
b 1588692357.778 1588692365.967 1588692374.055 1588692363.939 1588692372.034 1588692492.229 1588692365.944 1588692374.037 1588692494.231
b 1588692361.808 1588692371.998 1588692512.383 1588692369.973 1588692510.2 1588692516.457 1588692371.975 1588692512.203 1588692518.46
b 1588692371.014 1588692381.217 1588692387.3 1588692379.182 1588692385.283 1588692397.367 1588692381.186 1588692387.285 1588692399.371
b 1588692375.458 1588692383.648 1588692391.73 1588692381.625 1588692389.709 1588692395.791 1588692383.63 1588692391.712 1588692397.794
b 1588692381.8 1588692390.029 1588692398.12 1588692388.004 1588692396.096 1588692404.183 1588692390.009 1588692398.1 1588692406.186
b 1588692563.195 1588692575.509 1588692587.613 1588692573.466 1588692585.58 1588692601.679 1588692575.474 1588692587.583 1588692603.682
b 1588692546.621 1588692558.927 1588692571.033 1588692556.895 1588692569.007 1588692575.091 1588692558.901 1588692571.009 1588692577.093
b 1588692546.607 1588692675.071 1588692683.159 1588692673.021 1588692681.139 1588692687.255 1588692675.026 1588692683.142 1588692689.257
b 1588692399.831 1588692410.048 1588692418.127 1588692408.024 1588692416.105 1588692541.38 1588692410.027 1588692418.108 1588692543.382
b 1588692579.473 1588692585.729 1588692591.817 1588692583.701 1588692589.795 1588692597.884 1588692585.706 1588692591.798 1588692599.886
b 1588692567.033 1588692699.292 1588692705.404 1588692697.257 1588692703.382 1588692713.467 1588692699.262 1588692705.386 1588692715.472
b 1588692402.327 1588692410.532 1588692416.612 1588692408.505 1588692414.593 1588692426.684 1588692410.51 1588692416.596 1588692428.687
b 1588692402.329 1588692410.569 1588692420.656 1588692408.541 1588692418.635 1588692428.727 1588692410.546 1588692420.639 1588692430.729
b 1588692404.833 1588692421.07 1588692431.162 1588692419.036 1588692429.149 1588692435.227 1588692421.043 1588692431.151 1588692437.229
b 1588692415.201 1588692427.423 1588692435.503 1588692425.397 1588692433.487 1588692441.573 1588692427.402 1588692435.489 1588692445.578
b 1588692414.878 1588692425.084 1588692543.283 1588692423.062 1588692541.265 1588692633.433 1588692425.067 1588692543.267 1588692635.436
b 1588692416.853 1588692429.102 1588692439.197 1588692427.071 1588692437.177 1588692445.269 1588692429.075 1588692439.179 1588692447.272
b 1588692420.446 1588692570.817 1588692576.908 1588692568.797 1588692574.888 1588692580.968 1588692570.801 1588692576.891 1588692582.97
b 1588692577.206 1588692585.45 1588692591.544 1588692583.427 1588692589.519 1588692595.608 1588692585.432 1588692591.526 1588692597.61
b 1588692659.082 1588692665.361 1588692669.429 1588692663.345  1588692673.49 1588692665.348 1588692669.41 1588692675.493
b 1588692428.189 1588692440.428 1588692446.521 1588692434.392 1588692444.491 1588692452.594 1588692440.399 1588692446.492 1588692454.597
b 1588692429.406 1588692439.636 1588692445.709 1588692437.608 1588692443.695 1588692451.773 1588692439.613 1588692445.698 1588692453.775
b 1588692441.767 1588692449.999 1588692458.082 1588692447.975 1588692456.059 1588692466.147 1588692449.98 1588692458.064 1588692468.15
b 1588692445.713 1588692451.917 1588692459.988 1588692449.893 1588692457.972 1588692466.052 1588692451.897 1588692459.975 1588692468.055
b 1588692449.899 1588692458.112 1588692468.21 1588692456.085 1588692466.184 1588692478.285 1588692458.09 1588692468.187 1588692480.288
b 1588692456.372 1588692464.612 1588692472.716 1588692462.581 1588692470.695 1588692544.845 1588692464.585 1588692472.699 1588692546.848
b 1588692607.901 1588692616.183 1588692622.268 1588692614.159 1588692620.245 1588692628.337 1588692616.162 1588692622.248 1588692630.34
b 1588692459.496 1588692467.688 1588692473.776 1588692465.653 1588692471.753 1588692479.849 1588692467.659 1588692473.757 1588692481.852
b 1588692600.716 1588692606.984 1588692615.099 1588692604.956 1588692613.073 1588692619.175 1588692606.961 1588692615.078 1588692621.177
b 1588692459.441 1588692467.692 1588692475.834 1588692465.653 1588692473.814 1588692483.897 1588692467.659 1588692475.818 1588692485.9
b 1588692460.812 1588692475.062 1588692563.226 1588692473.034 1588692561.206 1588692641.37 1588692475.038 1588692563.209 1588692643.372
b 1588692466.871 1588692475.846 1588692544.035 1588692473.82 1588692542.009 1588692608.158 1588692475.826 1588692544.012 1588692610.163
b 1588692471.231 1588692479.437 1588692487.57 1588692477.413 1588692485.551 1588692491.637 1588692479.417 1588692487.553 1588692493.639
b 1588692476.795 1588692563.118 1588692631.27 1588692561.091 1588692629.249 1588692637.334 1588692563.095 1588692631.252 1588692639.337
b 1588692478.523 1588692486.785 1588692504.88 1588692484.756 1588692502.852 1588692562.998 1588692486.76 1588692504.856 1588692565
b 1588692679.104 1588692687.418 1588692699.504 1588692685.391 1588692697.486 1588692705.559 1588692687.396 1588692699.489 1588692707.561
b 1588692485.425 1588692491.674 1588692497.767 1588692489.65 1588692495.746 1588692505.843 1588692491.655 1588692497.749 1588692507.845
b 1588692638.64 1588692644.925 1588692651.009 1588692642.902 1588692648.985 1588692715.141 1588692644.907 1588692650.989 1588692717.143
b 1588692487.902 1588692502.16 1588692516.24 1588692500.132 1588692514.221 1588692526.304 1588692502.138 1588692516.223 1588692528.305
b 1588692498.054 1588692506.316 1588692564.453 1588692504.29 1588692562.428 1588692630.58 1588692506.294 1588692564.432 1588692632.583
b 1588692499.349 1588692511.664 1588692519.751 1588692509.635 1588692517.734  1588692511.641 1588692519.736 1588692523.817
b 1588692678.861 1588692687.192 1588692697.281 1588692685.171 1588692695.263  1588692687.175 1588692697.267 1588692701.341
b 1588692679.426 1588692687.751 1588692699.844 1588692685.719 1588692697.821 1588692709.91 1588692687.724 1588692699.824 1588692711.912
b 1588692514.125 1588692520.384 1588692526.468 1588692518.362 1588692524.444 1588692590.59 1588692520.367 1588692526.448 1588692592.594
b 1588692514.514 1588692594.855 1588692600.946 1588692592.828 1588692598.928 1588692605.02 1588692594.834 1588692600.931 1588692607.022
b 1588692706.25 1588692710.579 1588692716.664  1588692714.642 1588692714.642 1588692710.56 1588692716.645 1588692720.725
b 1588692524.778 1588692533.012 1588692543.131 1588692530.985 1588692541.088 1588692547.199 1588692532.99 1588692543.092 1588692549.202
b 1588692526.117 1588692532.378 1588692538.457 1588692530.355 1588692536.432 1588692544.53 1588692532.359 1588692538.436 1588692546.533
b 1588692527.379 1588692537.627 1588692543.703 1588692535.594 1588692541.686 1588692547.769 1588692537.597 1588692543.687 1588692549.771
b 1588692669.246 1588692675.62 1588692681.736 1588692673.597 1588692679.709 1588692687.8 1588692675.6 1588692681.713 1588692689.802
b 1588692537.941 1588692544.202 1588692556.294 1588692542.177 1588692554.268 1588692662.46 1588692544.183 1588692556.272 1588692664.462
b 1588692540.668 1588692643.029 1588692647.11 1588692640.999  1588692715.228 1588692643.006 1588692647.094 1588692717.231
b 1588692542.077 1588692552.357 1588692558.433 1588692550.329 1588692556.42  1588692552.334 1588692558.422 1588692562.495
b 1588692702.356 1588692712.666 1588692716.752 1588692710.638  1588692720.813 1588692712.643 1588692716.734 1588692722.814
b 1588692689.982 1588692756.422 1588692766.518 1588692754.341 1588692764.498 1588692770.604 1588692756.347 1588692766.499 1588692772.607
b 1588692555.521 1588692563.777 1588692569.872 1588692561.749 1588692567.844 1588692573.952 1588692563.755 1588692569.846 1588692575.954
b 1588692557.161 1588692561.439 1588692573.532  1588692571.508 1588692579.601 1588692561.42 1588692573.511 1588692581.603
b 1588692559.448 1588692563.743 1588692631.902  1588692629.872 1588692637.988 1588692563.719 1588692631.875 1588692639.99
b 1588692560.862 1588692571.114 1588692671.289 1588692569.087 1588692669.267 1588692717.389 1588692571.092 1588692671.27 1588692719.391
b 1588692560.872 1588692567.156 1588692573.234 1588692565.136 1588692571.213 1588692669.385 1588692567.139 1588692573.215 1588692671.389
b 1588692562.31 1588692568.552 1588692576.637 1588692566.531 1588692574.617 1588692580.695 1588692568.536 1588692576.621 1588692582.696
b 1588692689.829 1588692697.029 1588692761.188 1588692694.137 1588692759.161 1588692811.307 1588692696.142 1588692761.165 1588692813.309
b 1588692689.979 1588692754.346 1588692760.431 1588692752.318 1588692758.411 1588692764.495 1588692754.323 1588692760.415 1588692766.499
b 1588692572.759 1588692578.982 1588692587.062 1588692576.96 1588692585.04 1588692591.129 1588692578.965 1588692587.042 1588692593.131
b 1588692728.164 1588692794.548 1588692854.67 1588692792.518 1588692852.651  1588692794.522 1588692854.654 1588692858.73
b 1588692727.874 1588692736.197 1588692790.55 1588692734.176 1588692788.298 1588692850.671 1588692736.18 1588692790.3 1588692852.673
b 1588692583.864 1588692590.169 1588692594.524 1588692588.145  1588692648.649 1588692590.15 1588692594.234 1588692650.655
b 1588692585.047 1588692589.32 1588692595.412  1588692593.391 1588692599.481 1588692589.301 1588692595.393 1588692601.484
b 1588692589.751 1588692668.124 1588692676.218 1588692666.089 1588692674.193 1588692680.282 1588692668.096 1588692676.195 1588692682.284
b 1588692592.775 1588692599.037 1588692605.119 1588692597.013 1588692603.097 1588692609.183 1588692599.019 1588692605.099 1588692611.186
b 1588692736.692 1588692742.801 1588692752.884 1588692740.777 1588692750.867 1588692825.006 1588692742.782 1588692752.869 1588692827.009
b 1588692726.952 1588692793.143 1588692853.298 1588692791.105 1588692851.265 1588692885.387 1588692793.11 1588692853.269 1588692887.39
b 1588692603.542 1588692613.81 1588692619.898 1588692611.782 1588692617.879  1588692613.787 1588692619.881 1588692623.966
b 1588692750.573 1588692856.811 1588692888.924 1588692854.779 1588692886.903 1588692892.987 1588692856.784 1588692888.906 1588692894.991
b 1588692754.28 1588692760.386 1588692766.461 1588692758.37 1588692764.438  1588692760.374 1588692766.442 1588692770.534
b 1588692740.172 1588692812.582 1588692862.718 1588692810.545 1588692860.695 1588692912.819 1588692812.551 1588692862.698 1588692914.822
b 1588692740.174 1588692744.519 1588692750.6  1588692748.58 1588692754.667 1588692744.496 1588692750.583 1588692756.67
b 1588692756.474 1588692856.901 1588692895 1588692854.871 1588692892.98 1588692929.087 1588692856.875 1588692894.983 1588692931.09
b 1588692629.372 1588692639.674 1588692643.745 1588692637.648  1588692647.801 1588692639.652 1588692643.734 1588692649.803
b 1588692762.74 1588692836.911 1588692842.993 1588692834.891 1588692840.967 1588692887.099 1588692836.895 1588692842.974 1588692889.101
b 1588692641.14 1588692649.262 1588692655.335 1588692647.226 1588692653.315 1588692659.402 1588692649.232 1588692655.319 1588692661.405
b 1588692765.909 1588692841.365 1588692851.456 1588692838.075 1588692849.438 1588692861.518 1588692840.081 1588692851.44 1588692863.521
b 1588692642.561 1588692650.852 1588692658.941 1588692648.825 1588692656.919 1588692667.03 1588692650.83 1588692658.922 1588692669.031
b 1588692643.893 1588692702.801 1588692708.882 1588692700.179 1588692706.863 1588692764.998 1588692702.185 1588692708.865 1588692767.002
b 1588692645.747 1588692698.049 1588692710.152 1588692696.019 1588692708.125 1588692722.241 1588692698.024 1588692710.127 1588692724.243
b 1588692770.502 1588692836.731 1588692898.874 1588692834.646 1588692896.854 1588692934.956 1588692836.651 1588692898.857 1588692936.961
b 1588692774.775 1588692857.232 1588692897.355 1588692855.195 1588692895.333 1588692901.423 1588692857.2 1588692897.337 1588692903.424
b 1588692780.326 1588692790.693 1588692796.788 1588692788.663 1588692794.763 1588692806.86 1588692790.669 1588692796.767 1588692808.862
b 1588692779.4 1588692847.83 1588692853.921 1588692845.806 1588692851.9 1588692865.989 1588692847.811 1588692853.903 1588692867.992
b 1588692655.689 1588692663.819 1588692709.951 1588692661.784 1588692707.926 1588692714.02 1588692663.788 1588692709.93 1588692716.023
b 1588692778.53 1588692788.659 1588692792.75 1588692786.629  1588692838.863 1588692788.633 1588692792.731 1588692840.865
b 1588692778.531 1588692784.659 1588692790.75 1588692782.629 1588692788.725 1588692802.822 1588692784.634 1588692790.729 1588692804.825
b 1588692657.29 1588692729.457 1588692735.531 1588692727.432 1588692733.517 1588692739.589 1588692729.436 1588692735.519 1588692741.591
b 1588692779.382 1588692843.565 1588692849.649 1588692841.538 1588692847.633  1588692843.543 1588692849.637 1588692853.707
b 1588692664.841 1588692669.12 1588692759.317  1588692757.264 1588692809.489 1588692669.101 1588692759.266 1588692811.492
b 1588692668.07 1588692736.236 1588692742.31 1588692734.21 1588692740.293  1588692736.215 1588692742.294 1588692746.378
b 1588692670.746 1588692774.953 1588692781.047 1588692772.921 1588692779.029 1588692787.103 1588692774.926 1588692781.033 1588692789.108
b 1588692673.411 1588692721.793 1588692789.95 1588692719.744 1588692787.928 1588692794.016 1588692721.748 1588692789.931 1588692796.022
b 1588692844.642 1588692893.067 1588692903.152 1588692891.042 1588692901.134  1588692893.046 1588692903.135 1588692907.216
b 1588692800.188 1588692808.617 1588692816.715 1588692806.591 1588692814.692 1588692820.781 1588692808.596 1588692816.696 1588692822.784
b 1588692810.708 1588692821.157 1588692885.32 1588692819.13 1588692883.294 1588692915.411 1588692821.133 1588692885.298 1588692917.415
b 1588692682.16 1588692686.309 1588692692.385  1588692690.368 1588692696.451 1588692686.261 1588692692.369 1588692698.455
b 1588692826.858 1588692836.985 1588692897.152 1588692834.958 1588692895.107 1588692929.247 1588692836.961 1588692897.113 1588692931.251
b 1588692685.046 1588692751.398 1588692757.653 1588692749.364 1588692755.463 1588692765.721 1588692751.369 1588692757.467 1588692767.725
b 1588692686.454 1588692690.743 1588692696.826  1588692694.808 1588692700.888 1588692690.721 1588692696.81 1588692702.892
b 1588692687.857 1588692702.199 1588692768.339 1588692696.157 1588692766.32 1588692778.41 1588692702.163 1588692768.323 1588692780.414
b 1588692692.724 1588692703.041 1588692707.12 1588692701.012  1588692711.205 1588692703.017 1588692707.102 1588692713.206
b 1588692695.799 1588692777.987 1588692830.124 1588692775.956 1588692828.104 1588692854.22 1588692777.965 1588692830.107 1588692856.223
b 1588692818.316 1588692824.464 1588692836.562 1588692822.421 1588692834.536 1588692886.674 1588692824.426 1588692836.54 1588692888.678
b 1588692697.173 1588692767.517 1588692799.719 1588692765.492 1588692797.612 1588692803.795 1588692767.499 1588692799.615 1588692805.799
b 1588692821.508 1588692827.652 1588692833.737 1588692825.622 1588692831.715 1588692837.804 1588692827.628 1588692833.719 1588692839.808
b 1588692699.116 1588692703.409 1588692765.963  1588692763.521 1588692810.06 1588692703.39 1588692765.525 1588692812.062
b 1588692858.132 1588692868.246 1588692878.326 1588692866.227 1588692876.302 1588692882.39 1588692868.23 1588692878.305 1588692884.393
b 1588692700.493 1588692712.803 1588692720.882 1588692710.778 1588692718.866 1588692774.989 1588692712.783 1588692720.87 1588692776.992
b 1588692709.362 1588692715.475 1588692723.577 1588692713.459 1588692721.552 1588692727.64 1588692715.463 1588692723.554 1588692729.641
b 1588692857.162 1588692869.55 1588692877.631 1588692867.522 1588692875.611 1588692881.687 1588692869.528 1588692877.613 1588692883.69
b 1588692711.228 1588692717.535 1588692727.615 1588692715.509 1588692725.593 1588692733.686 1588692717.515 1588692727.596 1588692735.689
b 1588692712.523 1588692722.635 1588692730.793 1588692720.611 1588692728.764 1588692734.855 1588692722.616 1588692730.768 1588692736.858
b 1588692715.66 1588692725.19 1588692735.283 1588692723.169 1588692733.261 1588692739.344 1588692725.174 1588692735.264 1588692741.346
b 1588692720.27 1588692726.579 1588692732.699 1588692724.552 1588692730.677 1588692736.768 1588692726.556 1588692732.68 1588692738.771
b 1588692832.66 1588692838.795 1588692848.882 1588692836.765 1588692846.859 1588692898.992 1588692838.77 1588692848.864 1588692900.996
b 1588692723.186 1588692729.312 1588692737.405 1588692727.285 1588692735.383 1588692741.463 1588692729.29 1588692737.386 1588692743.467
b 1588692852.086 1588692864.21 1588692872.295 1588692862.182 1588692870.267 1588692876.352 1588692864.187 1588692872.272 1588692878.355
b 1588692848.151 1588692854.279 1588692864.366 1588692852.252 1588692862.344 1588692870.436 1588692854.256 1588692864.347 1588692872.438
b 1588692852.176 1588692890.623 1588692896.71 1588692888.595 1588692894.688 1588692932.808 1588692890.6 1588692896.692 1588692934.81
