1588724743.8103423,1,0
1588724753.821695,2,0
1588724763.834396,4,0
1588724773.853695,4,0
1588724783.8746812,4,0
1588724793.8953228,4,0
1588724803.9161375,4,0
1588724813.9303694,4,0
1588724823.949692,5,0
1588724833.9696596,5,0
1588724843.9942179,6,0
1588724854.037771,7,0
1588724864.0577266,7,0
1588724874.0780888,7,0
1588724884.0976799,7,0
1588724894.1177273,7,0
1588724904.131384,8,0
1588724914.150743,8,0
1588724924.172155,8,0
1588724934.1940234,8,0
1588724944.2138255,8,0
1588724954.2325666,9,0
1588724964.2537558,9,0
1588724974.275729,9,0
1588724984.2938652,9,0
1588724994.313794,9,0
1588725004.333948,9,0
1588725014.3577242,10,0
1588725024.3784103,10,0
1588725034.396609,11,0
1588725044.4178739,11,0
1588725054.4376965,11,0
1588725064.4579337,11,0
1588725074.4782157,11,0
1588725084.4978023,12,0
1588725094.5177145,12,0
1588725104.5377522,12,0
1588725114.5581503,12,0
1588725124.6332333,12,0
1588725134.6536999,12,0
1588725144.672159,12,0
1588725154.6916037,12,0
1588725164.7067297,13,0
1588725174.7257984,13,0
1588725184.7456853,13,0
1588725194.765727,13,0
1588725204.7857597,13,0
1588725214.7990546,13,0
1588725224.8177657,13,0
1588725234.8377645,13,0
1588725244.8579516,13,0
1588725254.877576,13,0
1588725264.8977804,14,0
1588725274.9177284,14,0
1588725284.9386787,15,0
1588725294.9576273,15,0
1588725304.977766,15,0
1588725314.9977946,15,0
1588725325.0177498,15,0
1588725335.0391808,15,0
1588725345.0571496,15,0
1588725355.071716,15,0
1588725365.0929308,15,0
1588725375.1129022,15,0
1588725385.133725,15,0
1588725395.1546447,15,0
1588725405.1766515,15,0
1588725415.189451,15,0
1588725425.2098393,15,0
1588725435.2277956,15,0
1588725445.2428093,15,0
1588725455.2617328,15,0
1588725465.2791548,15,0
1588725475.2906404,15,0
1588725485.3115997,15,0
1588725495.332714,15,0
1588725505.349525,15,0
1588725515.3676775,15,0
1588725525.388133,15,0
1588725535.4086688,15,0
1588725545.4291275,15,0
1588725555.4495606,15,0
1588725565.4605443,15,0
1588725575.4811833,15,0
1588725585.4933674,15,0
1588725595.5079472,15,0
1588725605.528956,15,0
1588725615.549451,15,0
1588725625.5606005,15,0
1588725635.5826192,15,0
1588725645.6034143,15,0
1588725655.6213343,15,0
1588725665.6415489,15,0
1588725675.6621883,15,0
1588725685.6743412,15,0
1588725695.6937876,15,0
1588725705.7059143,15,0
1588725715.721861,15,0
1588725725.7427971,15,0
1588725735.753934,15,0
1588725745.7749052,15,0
1588725755.7884784,15,0
1588725765.8030055,15,0
1588725775.8162367,15,0
1588725785.837195,15,0
1588725795.8498232,15,0
1588725805.8679633,15,0
1588725815.8898253,15,0
1588725825.90536,15,0
1588725835.9257689,15,0
1588725845.9401014,15,0
1588725855.9610815,15,0
1588725865.981708,15,0
1588725875.9989908,15,0
1588725886.020046,15,0
1588725896.0377836,15,0
1588725906.0491931,15,0
1588725916.0700257,15,0
1588725926.0908196,15,0
1588725936.111739,15,0
1588725946.132756,15,0
1588725956.1482286,15,0
1588725966.1692238,15,0
1588725976.1897192,15,0
1588725986.2060113,15,0
1588725996.2269888,15,0
1588726006.2481956,15,0
1588726016.268208,15,0
1588726026.2806525,15,0
1588726036.2946563,15,0
1588726046.3156202,15,0
1588726056.3338554,15,0
1588726066.35585,15,0
1588726076.3679018,15,0
1588726086.3843753,15,0
1588726096.4064515,15,0
1588726106.4258084,15,0
1588726116.4420466,15,0
1588726126.4596715,15,0
1588726136.4814694,15,0
1588726146.4992352,15,0
1588726156.5201674,15,0
1588726166.537673,15,0
1588726176.554394,15,0
1588726186.5755053,15,0
1588726196.587274,15,0
1588726206.599435,15,0
1588726216.6196153,15,0
1588726226.6417398,15,0
1588726236.657584,15,0
1588726246.6784365,15,0
1588726256.6991498,15,0
1588726266.717832,15,0
1588726276.738585,15,0
1588726286.7495074,15,0
1588726296.7610788,15,0
1588726306.7829306,15,0
1588726316.8017325,15,0
1588726326.8169572,15,0
1588726336.8281257,15,0
1588726346.8484728,15,0
1588726356.8657851,15,0
1588726366.8869367,15,0
1588726376.8983276,15,0
1588726386.916155,15,0
1588726396.9371061,15,0
1588726406.9494324,15,0
1588726416.9646423,15,0
1588726426.981808,15,0
1588726437.0134747,14,0
1588726447.0342352,14,0
1588726457.054953,14,0
1588726467.077853,13,0
1588726477.1183875,11,0
1588726487.143174,10,0
1588726497.1597226,10,0
1588726507.1807847,10,0
1588726517.201739,10,0
1588726527.2172337,10,0
1588726537.229317,10,0
1588726547.2499666,10,0
1588726557.2650795,10,0
1588726567.2940378,9,0
1588726577.314952,9,0
1588726587.3458242,8,0
1588726597.3868454,4,0
1588726607.4154549,3,0
1588726617.4511924,1,0
1588726627.4746895,0,0
1588726637.4936635,0,0
1588726647.5144396,0,0
1588726657.5279946,0,0
1588726667.5477657,0,0
1588726677.560015,0,0
1588726687.577795,0,0
1588726697.5985496,0,0
1588726707.618489,0,0
1588726717.6385753,0,0
1588726727.6493127,0,0
1588726737.6646729,0,0
1588726747.6816416,0,0
1588726757.6927392,0,0
1588726767.7135403,0,0
1588726777.7343428,0,0
1588726787.7499907,0,0
1588726797.771733,0,0
1588726807.7900918,0,0
1588726817.8115034,0,0
1588726827.8322122,0,0
1588726837.849669,0,0
1588726847.8702786,0,0
1588726857.8908296,0,0
1588726867.9014652,0,0
1588726877.9190745,0,0
1588726887.9385889,0,0
1588726897.959323,0,0
1588726907.9801192,0,0
1588726917.99904,0,0
1588726928.0197814,0,0
1588726938.037643,0,0
1588726948.0515227,0,0
1588726958.0640397,0,0
1588726968.0847557,0,0
1588726978.1010718,0,0
1588726988.1146212,0,0
1588726998.1310601,0,0
1588727008.1519487,0,0
1588727018.173696,0,0
1588727028.1880326,0,0
1588727038.1996233,0,0
1588727048.2205484,0,0
1588727058.2376893,0,0
1588727068.2595096,0,0
1588727078.2716646,0,0
1588727088.2899332,0,0
1588727098.3096342,0,0
1588727108.3305116,0,0
1588727118.351204,0,0
1588727128.3737004,0,0
1588727138.393665,0,0
1588727148.4136403,0,0
1588727158.4336452,0,0
1588727168.4535975,0,0
1588727178.4736552,0,0
1588727188.4953434,0,0
1588727198.5159597,0,0
1588727208.5277953,0,0
1588727218.5385437,0,0
1588727228.5491369,0,0
1588727238.5696237,0,0
1588727248.5902233,0,0
1588727258.610628,0,0
1588727268.6322217,0,0
1588727278.649714,0,0
1588727288.6703038,0,0
1588727298.6895177,0,0
1588727308.7077456,0,0
1588727318.728283,0,0
1588727328.7488346,0,0
1588727338.769279,0,0
1588727348.789757,0,0
1588727358.810315,0,0
1588727368.8307571,0,0
1588727378.8498046,0,0
1588727388.8713086,0,0
1588727398.8920748,0,0
1588727408.9129074,0,0
1588727418.9280486,0,0
1588727428.9489343,0,0
1588727438.9620876,0,0
1588727448.98295,0,0
1588727458.9989986,0,0
1588727469.0199466,0,0
1588727479.03768,0,0
1588727489.0576875,0,0
1588727499.0795612,0,0
1588727509.100265,0,0
1588727519.118185,0,0
1588727529.137662,0,0
1588727539.1493623,0,0
1588727549.1620917,0,0
1588727559.1828296,0,0
1588727569.1970632,0,0
1588727579.207903,0,0
1588727589.2285786,0,0
1588727599.250497,0,0
1588727609.268609,0,0
1588727619.2840047,0,0
1588727629.303386,0,0
1588727639.3183618,0,0
1588727649.3393116,0,0
1588727659.3576913,0,0
1588727669.3687968,0,0
1588727679.3844042,0,0
1588727689.3993394,0,0
1588727699.4103637,0,0
1588727709.4212275,0,0
1588727719.4414732,0,0
1588727729.453212,0,0
1588727739.4749625,0,0
1588727749.4895303,0,0
1588727759.5002644,0,0
1588727769.5211673,0,0
1588727779.5419667,0,0
1588727789.5528643,0,0
1588727799.5735905,0,0
1588727809.5936985,0,0
1588727819.6073337,0,0
1588727829.623182,0,0
1588727839.6438162,0,0
1588727849.6545012,0,0
1588727859.6760778,0,0
1588727869.6966476,0,0
1588727879.7141612,0,0
1588727889.73586,0,0
1588727899.7528963,0,0
1588727909.7641106,0,0
1588727919.7856994,0,0
1588727929.8076503,0,0
1588727939.8256948,0,0
1588727949.8416443,0,0
1588727959.8625963,0,0
1588727969.873636,0,0
1588727979.885668,0,0
1588727989.9073381,0,0
1588727999.91796,0,0
1588728009.9386368,0,0
1588728019.9592829,0,0
1588728029.9776485,0,0
1588728039.9948335,0,0
1588728050.015321,0,0
1588728060.03317,0,0
1588728070.0577667,0,0
1588728080.0777194,0,0
1588728090.093801,0,0
1588728100.1153028,0,0
1588728110.1332464,0,0
1588728120.1489012,0,0
1588728130.1700714,0,0
1588728140.1906586,0,0
1588728150.205649,0,0
1588728160.2256238,0,0
1588728170.245607,0,0
1588728180.2660522,0,0
1588728190.2864373,0,0
1588728200.30371,0,0
1588728210.323513,0,0
1588728220.3453667,0,0
1588728230.3577073,0,0
1588728240.37862,0,0
1588728250.3988132,0,0
1588728260.4196,0,0
1588728270.4376357,0,0
1588728280.4486406,0,0
1588728290.4689605,0,0
1588728300.486039,0,0
1588728310.506621,0,0
1588728320.5272288,0,0
1588728330.5477717,0,0
1588728340.5683253,0,0
1588728350.5888832,0,0
1588728360.6104965,0,0
1588728370.6322331,0,0
1588728380.6443522,0,0
1588728390.6658814,0,0
1588728400.6877434,0,0
1588728410.7083087,0,0
1588728420.7288344,0,0
1588728430.7491467,0,0
1588728440.769625,0,0
1588728450.789605,0,0
1588728460.8114057,0,0
1588728470.8296525,0,0
1588728480.8505943,0,0
1588728490.872475,0,0
1588728500.8897614,0,0
1588728510.9015558,0,0
1588728520.9161215,0,0
1588728530.9368944,0,0
1588728540.9492757,0,0
1588728550.9712584,0,0
1588728560.989696,0,0
1588728571.0078065,0,0
1588728581.0286505,0,0
1588728591.0489829,0,0
1588728601.0696502,0,0
1588728611.0877964,0,0
1588728621.1086173,0,0
1588728631.1302576,0,0
1588728641.1491444,0,0
1588728651.1696787,0,0
1588728661.1912768,0,0
1588728671.2045524,0,0
1588728681.225387,0,0
1588728691.2461479,0,0
1588728701.2669153,0,0
1588728711.2828505,0,0
1588728721.3046658,0,0
1588728731.3227594,0,0
1588728741.337229,0,0
1588728751.348351,0,0
1588728761.3677988,0,0
1588728771.3885736,0,0
1588728781.4077613,0,0
1588728791.4289691,0,0
1588728801.4485838,0,0
1588728811.460791,0,0
1588728821.4812534,0,0
1588728831.4976141,0,0
1588728841.5182514,0,0
1588728851.538814,0,0
1588728861.551386,0,0
1588728871.572052,0,0
1588728881.5937965,0,0
1588728891.6149695,0,0
1588728901.6359768,0,0
1588728911.6500204,0,0
1588728921.6705933,0,0
1588728931.6910303,0,0
1588728941.712651,0,0
1588728951.7270522,0,0
1588728961.7478664,0,0
1588728971.7595117,0,0
1588825427.7074058,0,0
