2.006 0.010093 2.005 0.014088 2.002 0.010158 slackprediction
2.007 0.004099 2.005 0.008066 2.003 0.034101 slackprediction
2.007 0.038131 2.001 0.008059 2.002 0.04812 slackprediction
2.005 0.024097 2.005 0.06813 2.003 0.098197 slackprediction
2.004 0.008105 2.001 0.006059 2.004 0.042095 slackprediction
2.007 0.03413 2.005 0.012073 2.006 0.058126 slackprediction
2.004 0.008092 2.009 0.034091 2.003 0.06813 slackprediction
2.007 0.140261 2.003 0.012069 2.003 0.012086 slackprediction
2.005 0.142225 2.003 0.148223 2.003 0.016076 slackprediction
2.005 0.09819 2.001 0.076147 2.003 0.016102 slackprediction
2.003 0.010127 2.003 0.004058 2.003 0.008066 slackprediction
2.006 0.050146 2.003 0.066137 2.002 0.010068 slackprediction
2.004 0.008111 2.005 0.056103 2.004 0.086135 slackprediction
2.007 0.058164 2.001 0.008068 2.003 0.004063 slackprediction
2.003 0.120199 2.003 0.082122 2.002 0.164218 slackprediction
2.004 0.004099 2.003 0.008091 2.002 0.006113 slackprediction
2.002 0.006078 2.002 0.008058 2.004 0.004057 slackprediction
2.004 0.048167 2.007 0.110273 2.003 0.018078 slackprediction
2.007 0.104191 2.004 0.016088 2.002 0.102162 slackprediction
2.007 0.008102 2.004 0.008068 2.002 0.004066 slackprediction
2.003 0.090208 2.002 0.016081 2.003 0.018075 slackprediction
2.003 0.014118 2.002 0.008061 2.001 0.08413 slackprediction
2.005 0.096195 2.004 0.114184 2.002 0.074139 slackprediction
2.008 0.010114 2.004 0.106192 2.002 0.10216 slackprediction
2.011 0.106198 2.003 0.014081 2.006 0.015159 slackprediction
2.005 0.056142 2.001 0.008082 2.004 0.012074 slackprediction
2.004 0.014113 2.004 0.112167 2.003 0.018065 slackprediction
2.005 0.004092 2.004 0.072129 2.004 0.012073 slackprediction
2.009 0.064163 2.004 0.01007 2.002 0.012085 slackprediction
2.006 0.084169 2.004 0.088158 2.003 0.012067 slackprediction
2.005 0.056148 2.002 0.012064 2.004 0.016072 slackprediction
2.005 0.010108 2.003 0.134206 2.002 0.078146 slackprediction
2.003 0.014096 2.003 0.018068 2.001 0.014068 slackprediction
2.006 0.014547 2.003 0.012067 2.003 0.106168 slackprediction
2.005 0.00611 2.002 0.010085 2.003 0.010069 slackprediction
2.005 0.082186 2.002 0.076142 2.003 0.026079 slackprediction
2.006 0.006354 2.003 0.076126 2.004 0.014083 slackprediction
2.004 0.010101 2.006 0.086145 2.002 0.054117 slackprediction
2.003 0.016107 2.003 0.018076 2.004 0.142207 slackprediction
2.005 0.008116 2.003 0.008067 2.002 0.086162 slackprediction
2.006 0.082153 2.003 0.018072 2.003 0.100151 slackprediction
2.005 0.074145 2.003 0.024087 2.004 0.018068 slackprediction
2.005 0.014098 2.003 0.01409 2.004 0.016074 slackprediction
2.005 0.066143 2.002 0.006061 2.001 0.018071 slackprediction
2.003 0.016121 2.003 0.012068 2.004 0.022096 slackprediction
2.005 0.116535 2.004 0.014078 2.002 0.086201 slackprediction
2.006 0.112201 2.003 0.010117 2.003 0.100153 slackprediction
2.007 0.013103 6.008 0.014101 2.003 0.10817 slackprediction
2.006 0.078176 2.002 0.098165 2.003 0.128201 slackprediction
2.006 0.014105 2.004 0.080151 2.002 0.098151 slackprediction
2.006 0.078156 2.004 0.018072 2.001 0.014071 slackprediction
2.005 0.020095 2.003 0.010074 2.003 0.016084 slackprediction
2.005 0.118207 2.002 0.11017 2.004 0.190242 slackprediction
2.004 0.008091 2.003 0.020077 2.003 0.014064 slackprediction
2.006 0.134219 2.003 0.012092 2.003 0.136208 slackprediction
2.006 0.018111 2.002 0.014073 2.003 0.022087 slackprediction
2.007 0.068158 2.001 0.020094 2.002 0.01407 slackprediction
2.006 0.014109 2.004 0.090146 2.003 0.016089 slackprediction
2.004 0.068133 2.001 0.12017 2.002 0.166241 slackprediction
2.005 0.070179 2.003 0.092157 2.003 0.152241 slackprediction
2.006 0.018128 2.006 0.016087 2.004 0.020071 slackprediction
2.005 0.012113 2.003 0.074134 2.002 0.160239 slackprediction
2.004 0.110358 2.004 0.020079 2.002 0.018082 slackprediction
2.004 0.016111 2.002 0.018075 2.003 0.02009 slackprediction
2.007 0.010109 2.003 0.088153 2.003 0.011185 slackprediction
2.004 0.016116 2.002 0.058114 2.004 0.166217 slackprediction
2.006 0.150283 2.002 0.014085 2.003 0.010075 slackprediction
2.005 0.116252 2.003 0.094171 2.002 0.144204 slackprediction
2.004 0.090182 2.003 0.01808 2.004 0.018082 slackprediction
2.006 0.018977 2.002 0.078162 2.002 0.138208 slackprediction
2.003 0.014101 2.005 0.120163 2.002 0.018087 slackprediction
2.006 0.018662 2.002 0.09415 2.003 0.012085 slackprediction
2.006 0.1102 2.003 0.140204 2.003 0.134212 slackprediction
2.005 0.016141 2.003 0.01608 2.003 0.018077 slackprediction
2.005 0.026124 2.004 0.016085 2.001 0.018105 slackprediction
2.003 0.010102 2.003 0.010086 2.004 0.014076 slackprediction
2.004 0.012093 2.001 0.090141 2.001 0.186256 slackprediction
2.006 0.020107 2.003 0.020087 2.002 0.126188 slackprediction
2.006 0.070209 2.003 0.016083 2.003 0.186247 slackprediction
2.005 0.074171 2.003 0.018088 2.001 0.022076 slackprediction
2.006 0.014122 2.006 0.096166 2.002 0.01608 slackprediction
2.004 0.008108 2.006 0.146233 2.003 0.014083 slackprediction
2.006 0.070185 2.004 0.026091 2.003 0.15421 slackprediction
2.008 0.098208 2.003 0.020084 2.004 0.014074 slackprediction
2.006 0.092192 2.003 0.016094 2.003 0.020084 slackprediction
2.006 0.07416 2.003 0.148295 2.003 0.180233 slackprediction
2.004 0.012097 2.004 0.140195 2.002 0.204264 slackprediction
2.003 0.130205 2.002 0.012068 2.004 0.01407 slackprediction
2.006 0.070171 2.004 0.126176 2.001 0.156216 slackprediction
2.005 0.018119 2.003 0.020082 2.001 0.014075 slackprediction
2.006 0.13222 2.002 0.012082 2.003 0.020514 slackprediction
2.007 0.014128 2.006 0.014079 2.003 0.122192 slackprediction
2.006 0.078169 2.004 0.180252 2.002 0.150212 slackprediction
2.004 0.024125 2.003 0.012085 2.004 0.012072 slackprediction
2.005 0.016114 2.003 0.10618 2.003 0.014069 slackprediction
2.008 0.018096 2.004 0.02008 2.006 0.112166 slackprediction
2.005 0.138234 2.004 0.020085 2.003 0.126841 slackprediction
2.004 0.014117 2.004 0.1342 2.002 0.010074 slackprediction
2.006 0.088176 2.003 0.014076 2.005 0.023273 slackprediction
2.003 0.184287 2.002 0.008062 2.002 0.012066 slackprediction
2.005 0.018113 2.004 0.170237 2.003 0.132197 slackprediction
2.005 0.09018 2.003 0.0092 2.003 0.020096 slackprediction
2.007 0.162294 2.003 0.08217 2.002 0.076146 slackprediction
2.007 0.018096 2.002 0.138223 2.003 0.128186 slackprediction
2.005 0.014113 2.005 0.202294 2.002 0.008073 slackprediction
2.007 0.18628 2.003 0.006078 2.003 0.004062 slackprediction
2.003 0.016104 2.003 0.018086 2.002 0.022083 slackprediction
2.008 0.020122 2.003 0.022136 2.002 0.016096 slackprediction
2.005 0.114214 2.004 0.012163 2.003 0.012065 slackprediction
2.005 0.086168 2.002 0.01008 2.003 0.156228 slackprediction
2.005 0.016124 2.002 0.016076 2.003 0.01408 slackprediction
2.006 0.014105 2.004 0.018079 2.004 0.160208 slackprediction
2.005 0.01811 2.003 0.174244 2.005 0.072138 slackprediction
2.005 0.016116 2.005 0.156229 2.004 0.012075 slackprediction
2.006 0.192303 2.004 0.110177 2.002 0.016099 slackprediction
2.005 0.014133 2.005 0.016081 2.002 0.010079 slackprediction
2.004 0.018128 2.003 0.186261 2.005 0.114173 slackprediction
2.006 0.016114 2.002 0.012076 2.003 0.024087 slackprediction
2.005 0.112213 2.001 0.008071 2.003 0.012066 slackprediction
2.007 0.080179 2.003 0.146219 2.002 0.008068 slackprediction
2.005 0.136198 2.002 0.132226 2.003 0.08014 slackprediction
2.004 0.148253 2.005 0.010085 2.002 0.078147 slackprediction
2.005 0.16025 2.002 0.010069 2.004 0.084134 slackprediction
2.005 0.182302 2.004 0.006105 2.001 0.058121 slackprediction
2.004 0.010109 2.003 0.154214 2.003 0.010063 slackprediction
2.003 0.018106 2.001 0.160216 2.002 0.008061 slackprediction
2.006 0.020115 2.003 0.196261 2.004 0.010074 slackprediction
2.005 0.012106 2.005 0.018063 2.003 0.134203 slackprediction
2.003 0.016112 2.004 0.202261 2.002 0.084151 slackprediction
2.007 0.084188 2.002 0.010085 2.003 0.010099 slackprediction
2.007 0.126227 2.002 0.008073 2.003 0.00607 slackprediction
2.005 0.01524 2.004 0.016081 2.003 0.022082 slackprediction
2.006 0.180262 2.003 0.012081 2.003 0.112173 slackprediction
2.005 0.114218 2.003 0.106176 2.002 0.070124 slackprediction
2.006 0.120246 2.002 0.008073 2.005 0.006069 slackprediction
2.005 0.022116 2.003 0.15022 2.002 0.07413 slackprediction
2.006 0.006132 2.003 0.008086 2.003 0.008071 slackprediction
2.005 0.176254 2.002 0.010071 2.003 0.010067 slackprediction
2.005 0.020137 2.003 0.148212 2.002 0.004069 slackprediction
2.008 0.00411 2.004 0.138197 2.003 0.004065 slackprediction
2.004 0.006086 2.004 0.01206 2.002 0.010067 slackprediction
2.004 0.152254 2.002 0.136202 2.002 0.024092 slackprediction
2.004 0.026123 2.002 0.014087 2.003 0.148209 slackprediction
2.002 0.006107 2.002 0.01006 2.002 0.008062 slackprediction
2.007 0.0101 2.002 0.010074 2.002 0.018078 slackprediction
2.005 0.138226 2.002 0.136207 2.004 0.038099 slackprediction
2.006 0.012111 2.004 0.120181 2.004 0.024083 slackprediction
2.006 0.010123 2.004 0.010072 2.001 0.008075 slackprediction
2.006 0.012098 2.004 0.158228 2.003 0.012083 slackprediction
2.003 0.016111 2.003 0.014073 2.002 0.134199 slackprediction
2.006 0.172258 2.003 0.076151 2.003 0.030107 slackprediction
2.005 0.004106 2.003 0.008069 2.004 0.006084 slackprediction
2.007 0.162277 2.004 0.012075 2.004 0.006063 slackprediction
2.006 0.165192 2.002 0.010076 2.001 0.008064 slackprediction
2.006 0.010107 2.003 0.008071 2.004 0.010075 slackprediction
2.007 0.152241 2.002 0.072136 2.002 0.008086 slackprediction
2.003 0.082173 2.002 0.008074 2.004 0.01008 slackprediction
2.005 0.014115 2.001 0.170255 2.002 0.004065 slackprediction
2.006 0.156254 2.003 0.006078 2.001 0.05211 slackprediction
2.003 0.016105 2.002 0.012074 2.004 0.149787 slackprediction
2.004 0.016134 2.002 0.00807 2.002 0.010072 slackprediction
2.009 0.012114 2.002 0.070132 2.003 0.006056 slackprediction
2.004 0.008113 2.002 0.004068 2.002 0.078131 slackprediction
2.005 0.096171 2.003 0.020088 2.004 0.010079 slackprediction
2.005 0.148277 2.004 0.006068 2.005 0.008073 slackprediction
2.007 0.006121 2.004 0.008066 2.003 0.008071 slackprediction
2.007 0.120218 2.003 0.07815 2.002 0.030102 slackprediction
2.006 0.020098 2.002 0.010073 2.003 0.004063 slackaware
14.018 0.064157 2.004 0.012084 2.005 0.016081 slackaware
8.011 0.064152 2.002 0.008085 2.004 0.004074 slackaware
16.018 0.060171 2.003 0.012071 2.004 0.012068 slackaware
2.004 0.006102 2.003 0.008069 2.004 0.004061 slackaware
2.005 0.062155 2.004 0.00607 2.004 0.006061 slackaware
2.005 0.006136 2.005 0.010071 2.001 0.008074 slackaware
4.005 0.060222 2.003 0.008098 2.004 0.008065 slackaware
2.005 0.006106 2.003 0.008071 2.004 0.004068 slackaware
2.006 0.01118 2.001 0.008079 4.002 0.00807 slackaware
2.006 0.019432 2.004 0.02009 2.004 0.00609 slackaware
2.005 0.008101 2.005 0.00808 2.002 0.040115 slackaware
2.005 0.004111 2.004 0.04211 6.005 0.052118 slackaware
2.005 0.012117 2.003 0.00811 2.002 0.008082 slackaware
2.005 0.056174 2.003 0.010065 2.002 0.076967 slackaware
2.006 0.012103 2.003 0.036099 2.002 0.05812 slackaware
2.006 0.004104 2.003 0.010061 2.003 0.056109 slackaware
2.004 0.016117 2.004 0.006071 2.003 0.018075 slackaware
2.005 0.022118 2.003 0.00807 2.002 0.010063 slackaware
2.003 0.008114 2.003 0.026094 2.004 0.040108 slackaware
2.006 0.040155 2.003 0.084154 2.003 0.080137 slackaware
2.006 0.008134 2.002 0.008081 2.001 0.00806 slackaware
2.005 0.010121 2.002 0.026096 2.003 0.01207 slackaware
2.004 0.060194 2.004 0.018073 2.004 0.128175 slackaware
2.006 0.030158 2.002 0.064123 2.004 0.010074 slackaware
2.005 0.010145 2.003 0.01008 2.002 0.008067 slackaware
2.007 0.052153 2.002 0.070134 2.002 0.060155 slackaware
2.004 0.048125 2.001 0.008077 2.002 0.010092 slackaware
4.005 0.060218 2.001 0.01807 2.002 0.016068 slackaware
2.004 0.006117 2.004 0.012063 2.001 0.082144 slackaware
2.004 0.008174 2.002 0.010072 2.002 0.010065 slackaware
2.005 0.062141 2.003 0.011157 2.002 0.012094 slackaware
2.005 0.010149 2.002 0.008074 2.002 0.048122 slackaware
2.006 0.04819 2.001 0.008083 2.003 0.094154 slackaware
2.005 0.012142 2.002 0.062129 2.005 0.08014 slackaware
2.005 0.008152 2.001 0.008072 2.002 0.008089 slackaware
2.005 0.010204 2.003 0.012072 2.002 0.014076 slackaware
2.006 0.06825 2.003 0.008068 2.003 0.090151 slackaware
2.005 0.010155 2.001 0.008075 2.004 0.07213 slackaware
2.005 0.012172 2.002 0.014071 2.003 0.106165 slackaware
2.006 0.056199 2.002 0.016102 2.005 0.128201 slackaware
2.006 0.010155 2.002 0.010072 2.002 0.012072 slackaware
2.003 0.018188 2.003 0.018082 2.002 0.010152 slackaware
2.004 0.01818 2.002 0.086131 2.001 0.006062 slackaware
2.006 0.024212 2.003 0.012872 2.002 0.052118 slackaware
2.004 0.094291 2.002 0.064119 2.002 0.102142 slackaware
2.005 0.010825 2.002 0.014114 2.003 0.024078 slackaware
2.006 0.018267 2.003 0.016078 42.042 0.076136 slackaware
2.005 0.016206 2.003 0.010076 2.002 0.014071 slackaware
2.008 0.012155 2.003 0.008071 2.003 0.010075 slackaware
2.006 0.064219 2.003 0.012071 2.004 0.078135 slackaware
2.005 0.012242 2.003 0.102159 2.006 0.100167 slackaware
2.005 0.010214 2.003 0.008094 2.002 0.008067 slackaware
2.006 0.05822 2.003 0.08214 2.004 0.100164 slackaware
2.005 0.114302 2.002 0.008063 2.002 0.048093 slackaware
2.005 0.09624 2.002 0.094155 2.004 0.120194 slackaware
2.004 0.080238 2.002 0.112186 2.003 0.128195 slackaware
2.005 0.07024 2.004 0.080139 2.002 0.067102 slackaware
2.006 0.016184 4.005 0.010078 2.003 0.090169 slackaware
2.003 0.008193 2.003 0.104157 2.006 0.082134 slackaware
2.006 0.012237 2.003 0.01407 2.002 0.008069 slackaware
2.005 0.014121 2.003 0.010091 2.002 0.012072 slackaware
2.006 0.01019 2.003 0.00807 2.003 0.014514 slackaware
2.006 0.090301 2.002 0.106164 2.003 0.016068 slackaware
2.005 0.014228 2.003 0.094161 4.002 0.008072 slackaware
2.006 0.090277 2.003 0.136192 2.002 0.012076 slackaware
2.006 0.012244 2.003 0.098173 2.003 0.094175 slackaware
2.005 0.078239 2.002 0.102164 2.003 0.12219 slackaware
2.005 0.078273 2.002 0.102169 2.002 0.012067 slackaware
2.004 0.004263 2.005 0.090158 2.002 0.004073 slackaware
2.006 0.090264 2.003 0.126187 2.002 0.008101 slackaware
2.006 0.102274 2.002 0.054126 2.002 0.128202 slackaware
2.01 0.094319 2.001 0.084131 2.003 0.008077 slackaware
2.004 0.094371 2.003 0.018071 4.004 0.01207 slackaware
2.003 0.062325 2.004 0.104167 2.003 0.018069 slackaware
2.006 0.010216 2.003 0.096161 2.004 0.132206 slackaware
2.006 0.012193 2.004 0.094153 2.003 0.056118 slackaware
2.005 0.116327 2.002 0.140205 2.002 0.020075 slackaware
2.009 0.090327 2.004 0.102148 2.003 0.120172 slackaware
2.004 0.090311 2.002 0.126166 2.004 0.020076 slackaware
2.008 0.110323 2.003 0.110175 2.003 0.020119 slackaware
2.005 0.012216 2.003 0.085554 2.004 0.116177 slackaware
2.006 0.094302 2.004 0.152222 2.002 0.02209 slackaware
2.003 0.006261 2.003 0.008059 2.002 0.006055 slackaware
2.004 0.008411 2.002 0.058139 2.004 0.136203 slackaware
2.005 0.008387 2.004 0.072164 2.003 0.096164 slackaware
2.004 0.092295 2.003 0.054125 2.003 0.146187 slackaware
2.005 0.13443 2.002 0.018078 2.002 0.128192 slackaware
2.005 0.008218 2.003 0.006066 2.003 0.006064 slackaware
2.005 0.008242 2.004 0.068143 2.002 0.134194 slackaware
2.007 0.10432 2.002 0.122187 2.003 0.020078 slackaware
2.005 0.008275 2.005 0.006071 2.004 0.132195 slackaware
2.005 0.00621 2.004 0.088173 2.006 0.122191 slackaware
2.004 0.008275 2.004 0.018087 2.002 0.010067 slackaware
2.006 0.096396 2.003 0.110184 2.004 0.014071 slackaware
2.005 0.107411 2.004 0.01207 2.003 0.116205 slackaware
2.004 0.008231 2.003 0.006065 2.003 0.054114 slackaware
2.005 0.008224 2.001 0.008093 2.003 0.004076 slackaware
2.005 0.008209 2.004 0.104163 2.002 0.010094 slackaware
2.004 0.106385 2.001 0.014069 2.004 0.020077 slackaware
2.006 0.112391 2.002 0.024077 2.002 0.016068 slackaware
2.004 0.118345 2.002 0.118177 2.003 0.100153 slackaware
2.004 0.068274 2.003 0.120169 2.002 0.156218 slackaware
2.006 0.00623 2.001 0.008065 2.002 0.014065 slackaware
2.006 0.156469 2.002 0.012062 2.003 0.01607 slackaware
2.004 0.00815 2.002 0.058144 2.005 0.132195 slackaware
2.005 0.004332 2.005 0.008067 2.002 0.018079 slackaware
2.006 0.008244 2.004 0.01007 2.003 0.076133 slackaware
2.005 0.00824 2.003 0.006095 2.004 0.118185 slackaware
2.006 0.014378 2.002 0.024082 2.005 0.132174 slackaware
2.007 0.140408 2.002 0.070133 2.001 0.076126 slackaware
2.007 0.116447 2.003 0.098154 2.003 0.016062 slackaware
2.005 0.008213 2.003 0.004109 30.033 0.120181 slackaware
2.005 0.140354 2.002 0.016092 34.036 0.112222 slackaware
2.003 0.108413 2.002 0.08616 2.002 0.074132 slackaware
2.004 0.080725 2.003 0.106181 2.003 0.092164 slackaware
2.007 0.012315 2.005 0.078146 2.003 0.148222 slackaware
2.003 0.072274 2.003 0.010078 2.005 0.012081 slackaware
2.007 0.014338 2.003 0.018078 2.001 0.020105 slackaware
2.007 0.150362 2.004 0.140197 2.004 0.096154 slackaware
2.005 0.126366 2.004 0.100155 2.003 0.020082 slackaware
2.006 0.134399 2.003 0.024083 2.001 0.014065 slackaware
2.004 0.109509 2.002 0.020108 2.002 0.09216 slackaware
2.006 0.138472 2.002 0.068119 2.003 0.032079 slackaware
2.007 0.016124 2.004 0.018106 2.003 0.014069 slackaware
2.006 0.010268 2.003 0.13822 2.003 0.062124 slackaware
2.006 0.012293 2.003 0.018084 2.005 0.142205 slackaware
2.004 0.01628 2.004 0.110167 2.003 0.130188 slackaware
2.005 0.016091 2.002 0.016084 2.002 0.012066 slackaware
2.006 0.016345 2.003 0.080148 2.003 0.018077 slackaware
2.004 0.094273 2.003 0.122182 2.001 0.072147 slackaware
2.004 0.144457 2.004 0.014074 2.003 0.020084 slackaware
2.005 0.010294 2.002 0.01207 2.003 0.022076 slackaware
2.003 0.01427 2.001 0.012087 2.002 0.012083 slackaware
2.005 0.126426 2.002 0.096158 2.004 0.016072 slackaware
2.004 0.008228 2.003 0.010072 2.002 0.006063 slackaware
2.005 0.016331 2.003 0.028089 2.004 0.014073 slackaware
2.005 0.106276 2.003 0.016077 2.004 0.094174 slackaware
2.006 0.01422 2.003 0.118186 2.005 0.018075 slackaware
2.005 0.112474 2.004 0.02209 2.004 0.014067 slackaware
2.004 0.10834 2.003 0.022093 2.003 0.090159 slackaware
2.005 0.088313 2.003 0.112189 2.006 0.016078 slackaware
2.004 0.108425 2.003 0.010058 26.024 0.068111 slackaware
2.006 0.154359 2.005 0.022113 2.003 0.014083 slackaware
2.006 0.024387 2.003 0.016078 2.002 0.022083 slackaware
2.005 0.10048 2.005 0.016076 2.003 0.0241 slackaware
2.006 0.110207 2.003 0.01609 2.003 0.014078 slackaware
2.004 0.114325 2.002 0.016087 2.004 0.116181 slackaware
2.005 0.010245 2.002 0.010073 2.002 0.016079 slackaware
2.006 0.102541 2.003 0.096166 2.002 0.016074 slackaware
2.007 0.102362 2.002 0.086149 2.008 0.022091 slackaware
2.007 0.110284 2.003 0.018081 2.004 0.090234 slackaware
2.005 0.134335 2.003 0.012069 2.005 0.022087 slackaware
2.006 0.012226 2.003 0.017478 2.003 0.017137 slackaware
2.005 0.010332 2.003 0.012071 2.002 0.088155 slackaware
2.007 0.0143 2.004 0.168224 2.006 0.098158 slackaware
2.005 0.026133 2.004 0.018077 2.004 0.018082 slackaware
2.007 0.018402 2.002 0.018083 2.003 0.022079 slackaware
2.005 0.146381 2.004 0.014071 2.003 0.010065 slackaware
2.004 0.118348 2.003 0.08014 2.007 0.012083 slackaware
2.008 0.01243 2.003 0.014077 2.002 0.016073 slackaware
2.006 0.088425 2.004 0.010073 2.002 0.01607 slackaware
2.006 0.078186 2.004 0.016074 2.007 0.018066 slackaware
2.002 0.016105 2.003 0.110194 2.003 0.102148 slackaware
2.005 0.018239 2.004 0.092156 2.003 0.010066 slackaware
2.007 0.026191 2.002 0.028092 2.004 0.066132 slackaware
2.004 0.016278 2.003 0.018076 2.002 0.12618 slackaware
2.008 0.024264 2.003 0.01408 2.002 0.010072 slackaware
2.006 0.022106 2.003 0.088146 2.002 0.008061 slackaware
2.007 0.112356 2.002 0.014079 2.004 0.014063 slackaware
2.004 0.018123 2.002 0.010055 2.001 0.01006 slackaware
2.005 0.068168 2.001 0.008059 2.003 0.004077 slackaware
2.005 0.016383 2.002 0.020076 2.001 0.070126 slackaware
2.006 0.018267 2.004 0.018085 2.001 0.008081 slackaware
2.006 0.020272 2.004 0.014077 2.004 0.010071 slackaware
2.006 0.074163 2.002 0.014075 2.005 0.036095 slackaware
2.005 0.020269 2.005 0.020081 2.004 0.020075 slackaware
2.005 0.104332 2.002 0.016083 2.004 0.016075 slackaware
2.005 0.0221 2.002 0.012086 2.003 0.020082 slackaware
2.004 0.016104 2.003 0.016087 2.002 0.06214 slackaware
2.006 0.014112 2.003 0.018085 2.003 0.08416 slackaware
2.005 0.018387 2.001 0.082143 2.002 0.030084 slackaware
2.005 0.012375 2.003 0.024082 2.003 0.012066 slackaware
2.004 0.020099 2.002 0.018089 2.001 0.008057 slackaware
2.005 0.022113 2.003 0.014088 2.003 0.012058 slackaware
2.005 0.018276 2.002 0.094163 2.002 0.014073 slackaware
2.005 0.024296 2.001 0.016075 2.003 0.020084 slackaware
2.003 0.064134 2.002 0.004075 2.002 0.004061 slackaware
2.006 0.120377 2.003 0.096157 2.002 0.014077 slackaware
2.006 0.026294 2.002 0.020071 2.002 0.024077 slackaware
2.006 0.014278 2.003 0.018108 2.003 0.016087 slackaware
2.005 0.01811 2.001 0.020077 2.002 0.020076 slackaware
2.005 0.026315 2.003 0.016077 2.002 0.01407 slackaware
2.004 0.060141 2.001 0.008053 2.002 0.004074 slackaware
2.006 0.020116 2.003 0.010085 2.004 0.014084 slackaware
2.005 0.104361 2.004 0.096169 2.005 0.014884 slackaware
2.005 0.010094 2.002 0.096153 2.002 0.01607 slackaware
2.006 0.022275 2.003 0.018071 2.001 0.010069 slackaware
2.007 0.094342 2.003 0.074134 2.003 0.014068 slackaware
2.004 0.020657 2.002 0.026078 2.003 0.018072 slackaware
2.005 0.094179 2.002 0.08014 2.004 0.014079 slackaware
2.006 0.02012 2.003 0.01808 2.002 0.008064 slackaware
2.006 0.018105 2.003 0.012073 2.002 0.012069 slackaware
