1588639779.5475106,[2, 1, 1],[0]
1588639789.5668783,[2, 1, 1],[0]
1588639799.5868542,[2, 1, 1],[0]
1588639809.6068614,[2, 1, 1],[0]
1588639819.626879,[2, 1, 1],[0]
1588639829.648379,[2, 1, 1],[0]
1588639839.666939,[2, 1, 2],[0]
1588639849.6891096,[2, 1, 2],[0]
1588639859.711055,[2, 1, 2],[0]
1588639869.7320719,[2, 1, 2],[0]
1588639879.7549624,[3, 1, 2],[0]
1588639889.7759783,[3, 1, 2],[0]
1588639899.799006,[3, 1, 2],[0]
1588639909.819069,[3, 1, 2],[0]
1588639919.8429835,[3, 1, 2],[0]
1588639929.8608308,[3, 1, 3],[0]
1588639939.8829105,[3, 1, 3],[0]
1588639949.899334,[5, 1, 3],[0]
1588639959.9229906,[5, 1, 3],[0]
1588639969.9470155,[5, 1, 3],[0]
1588639979.9651551,[6, 1, 3],[0]
1588639989.9790747,[6, 1, 4],[0]
1588639999.9988842,[6, 1, 5],[0]
1588640010.020483,[6, 1, 5],[0]
1588640020.04025,[6, 1, 5],[0]
1588640030.063009,[6, 1, 5],[0]
1588640040.0793383,[7, 1, 5],[0]
1588640050.1035256,[7, 1, 5],[0]
1588640060.1270623,[7, 1, 5],[0]
1588640070.1492,[7, 2, 5],[0]
1588640080.171087,[7, 2, 5],[0]
1588640090.194904,[7, 2, 5],[0]
1588640100.2152638,[7, 2, 5],[0]
1588640110.2302527,[7, 2, 5],[0]
1588640120.2509174,[7, 2, 5],[0]
1588640130.2657905,[7, 2, 5],[0]
1588640140.287304,[7, 2, 5],[0]
1588640150.3068466,[7, 2, 6],[0]
1588640160.327199,[7, 2, 6],[0]
1588640170.3514645,[8, 2, 6],[0]
1588640180.3750844,[8, 2, 7],[0]
1588640190.399029,[8, 2, 7],[0]
1588640200.4212623,[8, 2, 7],[0]
1588640210.442978,[8, 2, 7],[0]
1588640220.4661646,[9, 2, 7],[0]
1588640230.48691,[9, 2, 7],[0]
1588640240.5069098,[10, 2, 7],[0]
1588640250.5284262,[11, 2, 7],[0]
1588640260.5469995,[11, 2, 7],[0]
1588640270.566911,[11, 2, 7],[0]
1588640280.590666,[11, 2, 7],[0]
1588640290.6110802,[11, 2, 7],[0]
1588640300.6339035,[11, 2, 7],[0]
1588640310.6709285,[11, 2, 7],[0]
1588640320.6910918,[11, 2, 7],[0]
1588640330.715038,[11, 2, 7],[0]
1588640340.7350383,[12, 2, 7],[0]
1588640350.7578816,[12, 2, 7],[0]
1588640360.7701812,[12, 2, 7],[0]
1588640370.7917824,[12, 2, 7],[0]
1588640380.8097696,[12, 2, 8],[0]
1588640390.8309493,[12, 2, 8],[0]
1588640400.8439345,[12, 2, 8],[0]
1588640410.8653646,[12, 2, 8],[0]
1588640420.8771765,[12, 2, 8],[0]
1588640430.8912952,[12, 2, 8],[0]
1588640440.9127293,[12, 2, 8],[0]
1588640450.9359539,[12, 2, 10],[0]
1588640460.9575574,[12, 2, 10],[0]
1588640470.9752767,[12, 2, 10],[0]
1588640480.9949536,[12, 2, 10],[0]
1588640491.0149431,[12, 2, 10],[0]
1588640501.0365672,[12, 2, 10],[0]
1588640511.0579169,[12, 2, 10],[0]
1588640521.0790257,[12, 2, 10],[0]
1588640531.1004186,[12, 2, 10],[0]
1588640541.1141825,[12, 2, 10],[0]
1588640551.126208,[12, 2, 10],[0]
1588640561.1476953,[12, 2, 10],[0]
1588640571.1670344,[12, 2, 10],[0]
1588640581.1793897,[12, 2, 10],[0]
1588640591.2008028,[12, 2, 10],[0]
1588640601.2169943,[12, 2, 10],[0]
1588640611.2345233,[12, 2, 10],[0]
1588640621.2562754,[12, 2, 10],[0]
1588640631.2752786,[12, 2, 10],[0]
1588640641.2951539,[12, 2, 10],[0]
1588640651.3191757,[12, 2, 10],[0]
1588640661.3393,[12, 2, 10],[0]
1588640671.3606575,[12, 2, 10],[0]
1588640681.3819664,[12, 2, 10],[0]
1588640691.4032366,[12, 2, 10],[0]
1588640701.420595,[12, 2, 10],[0]
1588640711.4420185,[12, 2, 10],[0]
1588640721.4633815,[12, 2, 10],[0]
1588640731.4827623,[12, 2, 10],[0]
1588640741.5040312,[12, 2, 10],[0]
1588640751.5251982,[12, 2, 10],[0]
1588640761.54857,[12, 2, 10],[0]
1588640771.5711915,[12, 2, 10],[0]
1588640781.5869296,[12, 2, 10],[0]
