1588640931.3044462,[1, 1, 0],[0]
1588640941.8245633,[2, 2, 1],[3]
1588640952.4781997,[2, 2, 3],[4]
1588640962.998832,[2, 2, 3],[4]
1588640999.610632,[4, 2, 3],[4]
1588641010.149315,[4, 2, 4],[4]
1588641020.8502913,[4, 2, 4],[4]
1588641031.3889377,[4, 2, 4],[4]
1588641041.9443758,[5, 2, 4],[4]
1588641052.5131264,[5, 2, 4],[4]
1588641063.0593956,[5, 2, 4],[4]
1588641073.8074696,[5, 2, 4],[4]
1588641084.3455703,[5, 2, 4],[4]
1588641094.8839805,[6, 2, 4],[4]
1588641105.4466882,[6, 2, 4],[4]
1588641115.9912236,[6, 2, 4],[4]
1588641126.5421555,[6, 2, 5],[4]
1588641137.290739,[6, 2, 5],[4]
1588641147.8463376,[7, 2, 5],[4]
1588641158.3844128,[7, 2, 5],[4]
1588641168.9190767,[7, 2, 5],[4]
1588641179.4623537,[7, 2, 6],[4]
1588641190.1362443,[7, 2, 6],[4]
1588641200.7261393,[7, 2, 6],[4]
1588641211.5311446,[7, 2, 7],[4]
1588641222.091837,[7, 2, 7],[4]
1588641232.6951797,[8, 2, 7],[4]
1588641243.2571301,[9, 2, 7],[4]
1588641253.807795,[10, 2, 7],[4]
1588641264.3470619,[10, 2, 7],[4]
1588641274.918964,[10, 2, 7],[4]
1588641285.4682672,[10, 2, 7],[4]
1588641296.2745376,[10, 3, 7],[4]
1588641306.8389533,[10, 3, 7],[4]
1588641317.3782961,[10, 3, 7],[4]
1588641327.9902008,[10, 3, 8],[4]
1588641338.5809321,[10, 3, 9],[4]
1588641349.129181,[10, 3, 9],[4]
1588641359.6883407,[10, 3, 9],[4]
1588641370.2426276,[10, 3, 9],[4]
1588641381.072188,[10, 3, 9],[4]
1588641391.629195,[10, 3, 9],[4]
1588641402.178222,[10, 3, 9],[4]
1588641412.8056233,[11, 3, 9],[4]
1588641423.37313,[11, 3, 9],[4]
1588641433.9227855,[12, 3, 9],[4]
1588641444.5634918,[12, 3, 9],[4]
1588641455.1202507,[12, 3, 9],[4]
1588641465.7066958,[13, 3, 9],[4]
1588641476.2711163,[13, 3, 9],[4]
1588641487.2116964,[14, 3, 10],[4]
1588641497.7728674,[14, 3, 10],[4]
1588641508.3560882,[14, 3, 11],[4]
1588641518.9172716,[14, 3, 11],[4]
1588641529.4781022,[14, 3, 11],[4]
1588641540.0360458,[14, 3, 11],[4]
1588641550.5989923,[14, 3, 12],[4]
1588641561.1970742,[14, 3, 12],[4]
1588641571.7526004,[14, 3, 12],[4]
1588641582.3252494,[14, 3, 12],[4]
1588641592.8939555,[14, 3, 12],[4]
1588641603.8288586,[14, 3, 12],[4]
1588641614.3982606,[14, 3, 12],[4]
1588641624.9669456,[14, 3, 12],[4]
1588641635.531774,[14, 3, 12],[4]
1588641646.0882952,[14, 3, 12],[4]
1588641656.6619527,[14, 3, 12],[4]
1588641667.2798932,[14, 3, 12],[4]
1588641677.8833237,[14, 3, 12],[4]
1588641688.4647837,[14, 3, 12],[4]
1588641699.100386,[14, 3, 12],[4]
1588641709.6760123,[14, 3, 12],[4]
1588641720.2441359,[14, 3, 12],[4]
1588641731.2812,[14, 3, 12],[4]
1588641741.8499334,[14, 3, 12],[4]
1588641752.4455662,[14, 3, 12],[4]
1588641763.0240557,[14, 3, 12],[4]
1588641773.6039228,[14, 3, 12],[4]
1588641784.217233,[14, 3, 12],[4]
1588641794.8242235,[14, 3, 12],[4]
1588641805.4460166,[14, 3, 12],[4]
1588641816.0870547,[14, 3, 12],[4]
1588641826.7131288,[14, 3, 12],[4]
1588641837.3383598,[14, 3, 12],[4]
1588641847.9200318,[14, 3, 12],[4]
1588641858.5007174,[14, 3, 12],[4]
1588641869.54163,[14, 3, 12],[4]
1588641880.1399086,[14, 3, 12],[4]
1588641890.7683356,[14, 3, 12],[4]
1588641901.3790517,[14, 3, 12],[4]
1588641911.963669,[14, 3, 12],[4]
1588641922.5518715,[14, 3, 12],[4]
1588641933.1398084,[14, 3, 12],[4]
1588641943.7247226,[14, 3, 12],[4]
1588641954.319711,[14, 3, 12],[4]
1588641964.9148784,[14, 3, 12],[4]
1588641975.5069401,[14, 3, 12],[4]
1588641986.0974534,[14, 3, 12],[4]
1588641996.694694,[14, 3, 12],[4]
1588642007.292096,[14, 3, 12],[4]
1588642017.8789313,[14, 3, 12],[4]
1588642029.0853,[14, 3, 12],[4]
1588642039.7251024,[14, 3, 12],[4]
1588642050.3399968,[14, 3, 12],[4]
1588642060.9569054,[14, 3, 12],[4]
1588642071.5576198,[14, 3, 12],[4]
1588642082.1558151,[14, 3, 12],[4]
1588642092.7556572,[14, 3, 12],[4]
1588642103.3627887,[14, 3, 12],[4]
1588642113.9684892,[14, 3, 12],[4]
1588642124.58963,[14, 3, 12],[4]
1588642135.1964247,[14, 3, 12],[4]
1588642145.9217079,[13, 2, 11],[1]
1588642156.6682613,[13, 2, 10],[0]
1588642167.2826726,[13, 2, 10],[0]
1588642177.9131484,[13, 2, 10],[0]
1588642188.5232344,[13, 2, 10],[0]
1588642199.1432097,[13, 2, 10],[0]
1588642210.3342016,[13, 2, 10],[0]
1588642220.9453816,[13, 2, 10],[0]
1588642231.549758,[13, 2, 10],[0]
1588642242.1625066,[13, 2, 10],[0]
1588642252.7661424,[13, 2, 10],[0]
1588642263.3711288,[13, 2, 10],[0]
1588642274.0096178,[13, 2, 10],[0]
1588642284.6278648,[13, 2, 10],[0]
1588642295.2408864,[13, 2, 10],[0]
1588642305.8609788,[13, 2, 10],[0]
1588642316.5064642,[13, 2, 10],[0]
1588642327.139348,[13, 2, 10],[0]
1588642337.757239,[13, 2, 10],[0]
1588642348.3839707,[13, 2, 10],[0]
1588642359.005362,[13, 2, 10],[0]
1588642369.6264114,[13, 2, 10],[0]
1588642380.2917042,[13, 2, 10],[0]
1588642390.9780364,[13, 2, 10],[0]
1588642401.598278,[13, 2, 10],[0]
1588642412.9211116,[13, 2, 10],[0]
1588642423.5636685,[13, 2, 10],[0]
1588642434.2214441,[13, 2, 10],[0]
1588642444.8517783,[13, 2, 10],[0]
1588642455.4779904,[13, 2, 10],[0]
1588642466.106939,[13, 2, 10],[0]
1588642476.7721741,[13, 2, 10],[0]
1588642487.4475276,[13, 2, 10],[0]
1588642498.0707104,[13, 2, 10],[0]
1588642508.7633333,[13, 2, 10],[0]
1588642519.5751302,[13, 2, 10],[0]
1588642530.244922,[13, 2, 10],[0]
1588642540.9528465,[13, 2, 10],[0]
1588642551.60497,[13, 2, 10],[0]
1588642562.2448404,[13, 2, 10],[0]
