1588607534.8138564,[1, 1, 2],[3]
1588609362.953633,[1, 1, 0],[2]
1588609373.4938374,[8, 7, 6],[21]
1588609384.1225216,[8, 7, 12],[26]
1588609394.6491807,[8, 7, 12],[27]
1588609405.174975,[8, 7, 12],[26]
1588609415.709574,[8, 8, 13],[27]
1588609426.2409909,[8, 8, 13],[27]
1588609436.950563,[9, 8, 13],[27]
1588609447.4853709,[9, 8, 13],[27]
1588609458.0288405,[9, 8, 13],[28]
1588609468.5611508,[9, 9, 13],[29]
1588609479.0931091,[10, 9, 13],[29]
1588609489.651945,[10, 9, 13],[28]
1588609500.3767629,[10, 9, 13],[29]
1588609510.912386,[10, 9, 13],[27]
1588609521.450852,[10, 9, 13],[28]
1588609531.9835856,[10, 10, 13],[29]
1588609542.5078063,[10, 10, 13],[28]
1588609553.083668,[10, 10, 14],[30]
1588609563.6476362,[12, 10, 14],[30]
1588609574.4302473,[12, 10, 14],[30]
1588609585.0247412,[12, 10, 14],[30]
1588609595.6215272,[12, 10, 14],[28]
1588609606.1712396,[12, 10, 14],[29]
1588609616.7087417,[12, 10, 14],[27]
1588609627.2652886,[12, 10, 14],[28]
1588609637.8530478,[13, 10, 14],[29]
1588609648.4010851,[13, 10, 15],[30]
1588609659.2330575,[13, 10, 15],[27]
1588609669.7918077,[13, 10, 15],[31]
1588609680.415905,[13, 11, 15],[31]
1588609690.999383,[13, 11, 15],[29]
1588609701.5969088,[13, 11, 15],[28]
1588609712.157711,[13, 12, 15],[33]
1588609722.7274702,[13, 12, 16],[32]
1588609733.2902195,[13, 13, 16],[33]
1588609744.1560886,[13, 13, 16],[34]
1588609754.754526,[13, 13, 16],[31]
1588609765.314401,[13, 13, 16],[31]
1588609775.871707,[13, 13, 16],[28]
1588609786.432708,[13, 13, 16],[30]
1588609797.0050974,[13, 14, 16],[29]
1588609807.5834336,[13, 14, 17],[31]
1588609818.2001123,[13, 14, 17],[33]
1588609828.7771492,[13, 14, 17],[30]
1588609839.6845489,[13, 14, 17],[29]
1588609850.2660882,[15, 14, 17],[31]
1588609860.8310015,[15, 14, 17],[32]
1588609871.411826,[15, 14, 17],[32]
1588609881.9809332,[15, 14, 18],[33]
1588609892.5552669,[15, 14, 18],[34]
1588609903.108104,[15, 14, 18],[32]
1588609913.690278,[15, 14, 18],[35]
1588609924.3059487,[15, 14, 18],[36]
1588609934.8745255,[15, 14, 18],[36]
1588609945.435929,[15, 14, 18],[35]
1588609956.4078362,[15, 14, 18],[37]
1588609966.9800928,[15, 14, 18],[40]
1588609977.6045182,[15, 14, 18],[41]
