0.7441663345076538,0.027264555796966378,0.027264555796966378
0.38660610715752564,0.009774959671828044,0.03703951546879442
0.0899135684932717,0.0018843140860760384,0.03892382955487046
0.17409253794490376,0.0038254508629488254,0.04274928041781929
0.41520857821832324,0.01073000078580275,0.05347928120362204
0.49021237799892425,0.013475221348852508,0.06695450255247455
0.15192460241768646,0.0032957146979879785,0.07025021725046253
0.22448269308933733,0.005084499590301315,0.07533471684076384
0.4470527077684705,0.011849851888454006,0.08718456872921784
0.07077132798934915,0.0014680084379919025,0.08865257716720974
0.400824011044554,0.01024399838837461,0.09889657555558436
0.16461280392541267,0.0035971990747359133,0.10249377463032026
0.6077666256828506,0.018717965473840262,0.12121174010416053
0.9051659471296177,0.047112534534544864,0.1683242746387054
0.800998480485374,0.03228885637069815,0.20061313100940353
0.24727994726504554,0.00568123792448876,0.2062943689338923
0.45336335224365765,0.012079419219611882,0.2183737881535042
0.5821257902788752,0.017451496508570544,0.23582528466207475
0.32729169738763475,0.007928869436105955,0.24375415409818071
0.5660241923904827,0.01669532978541271,0.2604494838835934
0.017733073724939596,0.0003578437709278802,0.2608073276545213
0.6385325500668761,0.020351665662321702,0.281158993316843
0.6917458917565023,0.02353661618782933,0.30469560950467234
0.7505920350082138,0.02777330619262286,0.3324689156972952
0.4531140322399577,0.0120702993347743,0.3445392150320695
0.5092098657309477,0.014234773353474289,0.3587739883855438
0.4350133161424222,0.011419062330142053,0.37019305071568587
0.8839207046288828,0.04306963481250408,0.41326268552818995
0.7804609497833442,0.03032450313950249,0.4435871886676924
0.9403068678682629,0.05637076609741093,0.49995795476510335
0.9575446147298713,0.06318603025567776,0.5631439850207811
0.5904748895918122,0.017855141157817462,0.5809991261785986
0.5431416069546704,0.015667635963006517,0.5966667621416051
0.872338470490441,0.04116745636215447,0.6378342185037595
0.18901304789293938,0.00419006627286844,0.642024284776628
0.7995425393613843,0.0321430644227386,0.6741673491993666
0.8432166597379842,0.03705780850079128,0.7112251577001579
0.7697222998113717,0.02936938612492325,0.7405945438250812
0.7753725130422765,0.029866237246832048,0.7704607810719132
0.9651701781642616,0.06714562619740601,0.8376064072693192
0.8892968533857368,0.044018060299435245,0.8816244675687545
0.47632462848950763,0.012937666133221217,0.8945621337019757
0.19967902696575257,0.0044548483097427045,0.8990169820117184
0.9805692012965604,0.07881791819448679,0.9778349002062052
0.8532019886509298,0.038373954191238756,1.016208854397444
0.9905701587238088,0.09327752028543031,1.1094863746828743
0.5283410591137384,0.015029982749070003,1.1245163574319443
0.6694712538772291,0.022141232915883085,1.1466575903478273
0.4790295932762818,0.013041240795123435,1.1596988311429508
0.42260568152725675,0.010984597032960388,1.170683428175911
0.1868605983020184,0.004137054366594634,1.1748204825425057
0.5292628972981385,0.015069110183217953,1.1898895927257236
0.23201506589190957,0.005279703261472778,1.1951692959871965
0.6105253119621739,0.01885912803130439,1.2140284240185009
0.8067386985147563,0.03287424224118013,1.246902666259681
0.3068584697063569,0.007330421444521256,1.2542330877042023
0.9173138522499734,0.04985406381963723,1.3040871515238395
0.6906017479268316,0.023462519805342353,1.327549671329182
0.16979089278338455,0.0037215534703315917,1.3312712247995135
0.5571715580477226,0.01629145696318463,1.3475626817626982
0.9271839438606935,0.05239637593466545,1.3999590576973637
0.9996525866294785,0.15929990435003233,1.559258962047396
0.8274462019503012,0.03514092436762086,1.5943998864150168
0.47262028767927455,0.012796689463014464,1.6071965758780313
0.4182002857871613,0.010832580482663804,1.6180291563606952
0.4215494475561061,0.010948044229319125,1.6289772005900143
0.43219046576802256,0.01131938487104105,1.6402965854610554
0.24688746434479214,0.005670812252148633,1.645967397713204
0.925719972729531,0.05199826350733982,1.6979656612205438
0.09966388485154776,0.002099742482021457,1.7000654037025653
0.6668938471893012,0.021985881251820934,1.7220512849543863
0.08707029637750308,0.0018219279257691019,1.7238732128801555
0.21697691214131998,0.004891861940329931,1.7287650748204855
0.9359464729079805,0.05496072368728952,1.783725798507775
0.300468227961573,0.007146881296763222,1.7908726798045382
0.40317754313693543,0.010322712040170658,1.801195391844709
0.004535835019070289,9.092306262778586e-05,1.8012863149073368
0.8142601767590062,0.033668167685644505,1.8349544825929813
0.07880510689001952,0.0016416730957485083,1.8365961556887298
0.8240809184966006,0.03475462307706351,1.8713507787657933
0.0439349476037737,0.0008985864361244492,1.8722493652019176
0.14968607696331426,0.003242993529208787,1.8754923587311265
0.741224453479197,0.02703588417521828,1.9025282429063448
0.5298813826842077,0.015095404777043497,1.9176236476833883
0.9688274109512405,0.06936432252905658,1.9869879702124449
0.48883504630099817,0.013421258703915615,2.0004092289163604
0.8194619662200179,0.034236276198873206,2.0346455051152335
0.293170020211482,0.0069393024642032996,2.041584807579437
0.40196559885975036,0.010282139993914703,2.0518669475733518
0.5462583600940198,0.015804546360448785,2.0676714939338003
0.2184589500769175,0.004929752068144586,2.0726012460019447
0.7233985775295559,0.025703554341321242,2.098304800343266
0.7883675443569238,0.03105808417407384,2.12936288451734
0.20381401525381204,0.004558449425016885,2.133921333942357
0.8321671628500824,0.0356957362380331,2.16961707018039
0.22241325689011981,0.005031201489020777,2.174648271669411
0.7349504929115185,0.026556773024852633,2.2012050446942637
0.27076867027265406,0.006315285451629052,2.2075203301458926
0.3940481350816485,0.010019094537908413,2.217539424683801
0.059342484239855664,0.001223523267847547,2.2187629479516486
0.002220706160861008,4.4463511707512684e-05,2.2188074114633562
0.00277689498792566,5.561515426783739e-05,2.218863026617624
0.39425497428180956,0.010025922621854769,2.2288889492394786
0.14250069832562662,0.0030746982863256458,2.231963647525804
0.3791000103402471,0.009531705145298667,2.2414953526711026
0.2468254653266354,0.005669165845712223,2.247164518516815
0.9818624372315718,0.08019540400157635,2.3273599225183914
0.3102741527651376,0.007429221663849886,2.3347891441822415
0.08374587023429725,0.00174923037087472,2.336538374553116
0.32881624706905277,0.00797424660249742,2.3445126211556135
0.5803570858109525,0.017367022672903746,2.3618796438285172
0.26305230887101094,0.00610476729426633,2.3679844111227837
0.4322164444442138,0.011320299940934636,2.3793047110637184
0.6493374669055836,0.02095861924351266,2.400263330307231
0.2463206745312011,0.005655765984513482,2.4059190962917447
0.4288506579523159,0.011202091175619733,2.4171211874673646
0.6287027625038042,0.019815047158248732,2.4369362346256134
0.8963446710502848,0.04533368056993144,2.4822699151955447
0.4622306924995523,0.012406512144948322,2.494676427340493
0.34595958343024225,0.008491722607961865,2.5031681499484546
0.9971491114837945,0.11720249146433077,2.6203706414127854
0.03203865923048743,0.0006512625944930006,2.6210219040072786
0.24110403634514077,0.0055178116252989975,2.626539715632578
0.3871234087579789,0.00979183365315119,2.636331549285729
0.5725888957954228,0.017000179112193016,2.653331728397922
0.4315518516308895,0.011296903554904621,2.6646286319528265
0.4287576759552497,0.011198835479695775,2.6758274674325224
0.15649221911964595,0.0034037230504269204,2.6792311904829496
0.027067721506192965,0.0005488159988832835,2.679780006481833
0.36943603313151097,0.00922281349061209,2.689002819972445
0.5281031476408999,0.015019897008318541,2.7040227169807634
0.9563865444295553,0.06264779124475256,2.766670508225516
0.28248780748690117,0.006639306768862521,2.7733098149943785
0.16979480791188128,0.003721647787237882,2.777031462781616
0.22565224872600687,0.005114684304834845,2.782146147086451
0.15997263657332095,0.003486416243347937,2.785632563329799
0.7470889110692371,0.027494345583414882,2.8131269089132136
0.9344984620314885,0.054513633123626025,2.8676405420368396
0.03532729111969479,0.0007193279390716692,2.868359869975911
0.41918936332427426,0.01086661003607262,2.879226480011984
0.9892310601401794,0.09062178454431766,2.9698482645563016
0.2508716915238248,0.005776900075188871,2.9756251646314906
0.9918159471904041,0.09611135595136419,3.0717365205828546
0.12423539776718084,0.0026531588613889754,3.0743896794442436
0.41140746490508395,0.010600422514773918,3.0849901019590176
0.7168564485872166,0.025236025222753315,3.110226127181771
0.3067457306717415,0.0073271687216005825,3.1175532959033716
0.3492145711486645,0.00859150586966543,3.126144801773037
0.5059274641859489,0.014101458778830695,3.1402462605518675
0.20208604239110606,0.004515090197816849,3.1447613507496843
0.09434681593334682,0.0019819769053768784,3.146743327655061
0.08470171890955414,0.0017701055313422856,3.1485134331864035
0.7934850342724223,0.03154764791900149,3.180061081105405
0.9795465106542603,0.07779203565790252,3.2578531167633074
0.8399361552482396,0.03664365027281971,3.294496767036127
0.695035134425094,0.02375117407693068,3.3182479411130577
0.5368633574931521,0.015394662884632593,3.3336426039976903
0.1918120545724129,0.004259212835646955,3.3379018168333374
0.7505393312603688,0.02776908033078449,3.365670897164122
0.47443392191592815,0.012865587066167203,3.378536484230289
0.41849923126747324,0.010842859700846051,3.389379343931135
0.22283836992942818,0.005042138642768248,3.3944214825739034
0.9094024592325568,0.0480265642029762,3.4424480467768794
0.5108882351431938,0.014303285152665688,3.4567513319295453
0.6812296160792358,0.022865684699976963,3.4796170166295224
0.7943275682770661,0.03162941026139944,3.511246426890922
0.18269979543316983,0.004034976083283905,3.515281402974206
0.2798722447212798,0.006566532896503293,3.521847935870709
0.7868895207863912,0.030918891319751306,3.55276682719046
0.42747983702651593,0.011154146500125297,3.5639209736905855
0.29256071725599875,0.006922069451811025,3.5708430431423963
0.5286780798087449,0.015044278721481197,3.5858873218638774
0.6794449315394752,0.022754023938224045,3.6086413458021016
0.6348359469613126,0.02014817131993482,3.6287895171220366
0.8251493922499749,0.034876466792844354,3.663665983914881
0.8103631935713017,0.03325289162535462,3.6969188755402356
0.0060633968456793585,0.00012163707764759047,3.697040512617883
0.10736280726531333,0.002271501195837103,3.6993120138137203
0.23379407106830996,0.005326086172924381,3.704638099986645
0.03262827516926381,0.0006634489404506792,3.7053015489270957
0.7375365756921987,0.026752870852577947,3.732054419779674
0.5108467214788238,0.014301587712297113,3.746356007491971
0.19223985279503386,0.004269802240951875,3.750625809732923
0.9278737481333698,0.052586743948029674,3.8032125536809525
0.3415543995201047,0.00835746744958985,3.8115700211305423
0.5038035133725209,0.014015665766135617,3.825585686896678
0.3626397859065361,0.009008405960068612,3.834594092856747
0.5704199437754831,0.016898943218469985,3.8514930360752166
0.6133777841583058,0.01900614498376467,3.8704991810589813
0.7405498217512636,0.02698381172286477,3.897482992781846
0.5525137022748555,0.016082187226892652,3.9135651800087388
0.6802596194500337,0.022804918465208573,3.9363700984739474
0.5277980774998987,0.015006971659414671,3.951377070133362
0.9264385289183932,0.052192677621109185,4.003569747754471
0.16496346878666923,0.003605596102643965,4.007175343857115
0.1293972621277678,0.002771390101162851,4.009946733958278
0.8394745376211427,0.03658605409779363,4.046532788056072
0.5246073452157111,0.014872283495527923,4.0614050715516
0.5344296762654827,0.015289842445596764,4.076694913997197
0.6448865202826443,0.02070635758823639,4.097401271585433
0.5709249857381695,0.016922470338417726,4.114323741923851
0.32015388688058066,0.007717776213176006,4.122041518137027
0.6888684849766202,0.023350791566037542,4.145392309703064
0.6453388153484149,0.020731847093551102,4.166124156796616
0.5423631912024618,0.01563358806691534,4.181757744863531
0.6299643506514195,0.01988311856788865,4.20164086343142
0.680345035949833,0.022810262044953334,4.2244511254763735
0.07306069138507154,0.0015173437261878494,4.225968469202561
0.4568322302734942,0.012206740771605327,4.238175209974166
0.20324839345601642,0.0045442461863047096,4.24271945616047
0.5939206902879874,0.018024135886786495,4.260743592047257
0.4469807058919486,0.011847247763609261,4.272590839810866
0.27921706064417884,0.006548344840166575,4.279139184651033
0.12204660321485716,0.002603235311763256,4.2817424199627965
0.10006048237772602,0.0021085544111588564,4.283850974373955
0.04770562391265387,0.0009776214681967669,4.284828595842152
0.6818620511965305,0.022905403779955123,4.307733999622107
0.6732695878502415,0.022372397515777166,4.330106397137884
0.4979022287959758,0.013779208297993957,4.3438856054358785
0.7455562653358003,0.02737351098606616,4.371259116421944
0.30682480397881284,0.007329450072628768,4.378588566494573
0.8462946504404083,0.03745435647681971,4.416042922971393
0.011680323878933141,0.0002349814948229466,4.416277904466216
0.501911650968265,0.013939556199962422,4.430217460666178
0.2934228578917851,0.00694645787410843,4.4371639185402865
0.1845893766646275,0.004081269206176357,4.441245187746463
0.8475941992274884,0.03762417147284411,4.478869359219307
0.18176869380043903,0.004012204238725951,4.482881563458033
0.021284009965566786,0.0004302756129851584,4.4833118390710185
0.15119060867217315,0.0032784125500498825,4.4865902516210685
0.8955245692696923,0.04517606695698425,4.531766318578053
0.6322560468006767,0.02000736724659318,4.551773685824646
0.9353855955793156,0.05478635828802518,4.606560044112671
0.7843984151761512,0.030686461784286898,4.637246505896957
0.7592298206525191,0.028478248262707326,4.6657247541596645
0.08463271845421161,0.0017685978729958679,4.66749335203266
0.8081893529809667,0.03302493214050681,4.700518284173167
0.21983629444575314,0.00496503004808594,4.7054833142212535
0.15997655045233727,0.003486509428125114,4.708969823649379
0.7769801352242239,0.030009888635547596,4.738979712284927
0.3749270604718473,0.009397738656199703,4.748377450941127
0.574283386995468,0.017079627635275478,4.765457078576402
0.7765825620364767,0.029974266765205728,4.7954313453416075
0.7789923111553085,0.030191155738342648,4.82562250107995
0.34591877031699436,0.008490474616588035,4.834112975696538
0.292835202959539,0.0069298309367638155,4.841042806633302
0.41885502169394206,0.010855100417796377,4.851897907051098
0.6997428800293841,0.024062322096580928,4.87596022914768
0.8634298738819712,0.03981834103648402,4.915778570184163
0.7040448675205708,0.024350948312175845,4.940129518496339
0.2850924542917669,0.006712041027014671,4.946841559523354
0.3703063715806243,0.009250437639539488,4.956091997162893
0.7005732685800397,0.024117710553646497,4.98020970771654
0.634461638510242,0.020127680982069834,5.000337388698609
0.3108149725660948,0.007444909982467812,5.007782298681077
0.6821065484280353,0.022920780205924262,5.030703078887001
0.565939491513779,0.016691426682493994,5.047394505569494
0.7658000688232435,0.02903160243367643,5.0764261080031705
0.40020220879557256,0.01022325390454962,5.08664936190772
0.09908877517511316,0.0020869711166855718,5.088736333024406
0.06375484437482581,0.001317558367924358,5.090053891392331
0.5416220101979853,0.01560122260000976,5.1056551139923405
0.20138162306601526,0.004497441463605573,5.110152555455946
0.5326205472271136,0.01521227637069958,5.125364831826646
0.576471378714552,0.01718268368890614,5.1425475155155524
0.5079819525542203,0.01418479762724449,5.156732313142797
0.38682699243008123,0.009782163038391063,5.166514476181188
0.7810400714492747,0.030377330811235254,5.196891806992423
0.15166682786586827,0.003289636573686938,5.20018144356611
0.21567214676570023,0.004858563317977743,5.205040006884087
0.34771588515190766,0.008545501060027692,5.213585507944115
0.9940242758750749,0.10240099992103387,5.31598650786515
0.790787319025231,0.03128807864228567,5.347274586507435
0.816554177386673,0.03391671799389612,5.381191304501331
0.19093520326256563,0.004237525405527783,5.385428829906859
0.08910766970350714,0.001866611543700824,5.38729544145056
0.7640021538529497,0.028878652009874464,5.416174093460434
0.8536606286845855,0.03843653787179552,5.45461063133223
0.899190877710014,0.04589052857062114,5.500501159902851
0.4844299003677581,0.013249640020047828,5.5137507999228985
0.4577835432480567,0.01224179981134287,5.525992599734241
0.5193513931067355,0.01465237645710641,5.540644976191348
0.2230884907450733,0.00504857645605967,5.545693552647407
0.7674032492766857,0.02916898016740813,5.574862532814815
0.8344053004677084,0.03596424090396956,5.6108267737187845
0.12420408953110262,0.002652443882126666,5.613479217600911
0.20264459161035375,0.004529095337111235,5.618008312938023
0.9402370914183935,0.05634740136595373,5.674355714303976
0.7439341199039065,0.027246410469690577,5.701602124773667
0.9066945755226947,0.04743754065309738,5.749039665426765
0.006979777644109175,0.0001400850046812753,5.749179750431447
0.010637874878919207,0.00021389723150203556,5.749393647662949
0.790944982673036,0.03130315641720471,5.780696804080153
0.03502644765774954,0.0007130916983589874,5.781409895778513
0.04014096355010777,0.0008193768466645943,5.782229272625178
0.3579645227293563,0.008862234325456193,5.791091506950634
0.8247166060494463,0.034827024417201174,5.825918531367836
0.4942903768461465,0.013635852834087992,5.839554384201923
0.4456014394286133,0.011797428549635437,5.851351812751559
0.8681480518055846,0.04052151180905351,5.8918733245606125
0.9362190187836168,0.05504600466257473,5.946919329223188
0.5043663853631091,0.014038366107667817,5.960957695330856
0.856003307491281,0.03875929896718744,5.999716994298043
0.4086788182583774,0.010507919089410386,6.010224913387454
0.8341695344772324,0.035935786090623506,6.046160699478077
0.516697485890899,0.014542249963616725,6.060702949441693
0.6722397428807153,0.022309457225391304,6.083012406667085
0.24358944077935263,0.005583419649167016,6.088595826316252
0.6612666744743702,0.021650842630806414,6.110246668947058
0.32836619898871944,0.007960840519270018,6.118207509466328
0.5891066688350731,0.017788432660988618,6.135995942127316
0.09763291338068492,0.00205467744129449,6.13805061956861
0.779726692729695,0.03025772395757963,6.16830834352619
0.748390512115942,0.02759754089351707,6.195905884419707
0.7285077530462232,0.026076433927111342,6.221982318346818
0.7926109584164045,0.03146317643383258,6.25344549478065
0.21548276386907428,0.004853734724031033,6.258299229504681
0.5546038429969198,0.016175823047770974,6.274475052552452
0.8634692727715133,0.03982411163578206,6.314299164188234
0.8710396985125766,0.040965013247796625,6.35526417743603
0.35139450391528415,0.008658612227573711,6.363922789663604
0.6709748986281826,0.022232424703283665,6.386155214366888
0.7530044829121542,0.027967701839215656,6.414122916206104
0.41307933062274815,0.010657312283041086,6.424780228489145
0.16490604560710653,0.003604220804603956,6.428384449293749
0.6959877789428552,0.023813747550761537,6.452198196844511
0.1037542076898712,0.002190811637036952,6.454389008481548
0.4508994900119242,0.011989475518537754,6.466378484000086
0.0003566046716624305,7.133365404570056e-06,6.46638561736549
0.9343079357176367,0.05445554295931144,6.520841160324801
0.1604248161983033,0.003497184972810819,6.524338345297612
0.8796091985304368,0.042340242975609704,6.566678588273222
0.8141814662745288,0.03365969413265569,6.600338282405877
0.9291233887062278,0.052936295657779533,6.653274578063657
0.42913719498577163,0.011212127392492057,6.664486705456149
0.698189296697431,0.023959105367826767,6.688445810823976
0.4206415978008071,0.010916679816815121,6.699362490640791
0.8395760849470102,0.03659870996646284,6.735961200607254
0.49683604241037205,0.013736784051458187,6.749697984658712
0.15548687846651466,0.003379900104382565,6.753077884763095
0.2064899659525321,0.004625781875864149,6.757703666638959
0.10841652045751715,0.002295124132866806,6.759998790771826
0.10369677144305345,0.0021895299706240663,6.7621883207424505
0.03799458668691935,0.000774704023753768,6.762963024766204
0.22132351842513565,0.005003192380386565,6.767966217146591
0.38381482841099135,0.009684155147836108,6.777650372294427
0.959745966473743,0.06425090136611926,6.841901273660546
0.8724981002555746,0.041192480290767636,6.8830937539513135
0.5192154234975099,0.014646719501949035,6.897740473453262
0.35818159335355426,0.008868997419885729,6.906609470873148
0.9042878300319984,0.04692819641417355,6.953537667287321
0.15376733824472888,0.003339218865803672,6.9568768861531245
0.9067741473283382,0.04745460413149873,7.004331490284623
0.7242947253216477,0.025768456583727048,7.03009994686835
0.6713702126395483,0.02225646856371867,7.052356415432069
0.5616930591663309,0.01649671671753977,7.068853132149608
0.4014489049542521,0.01026486771577799,7.079117999865386
0.16878823806781562,0.0036974137750644697,7.082815413640451
0.6436927674038211,0.020639238148020347,7.103454651788471
0.8379963753189814,0.03640273138851743,7.139857383176989
0.47929888703888934,0.013051581627661055,7.1529089648046495
0.2650353793642224,0.0061586583223450795,7.159067623126995
0.5621333068531128,0.016516815369531014,7.175584438496526
0.1784596038372982,0.00393148338105135,7.179515921877577
0.9349909970235206,0.05466459022694605,7.2341805121045235
0.8647135339331532,0.040007215557570086,7.274187727662094
0.31315569756307704,0.007512952929050908,7.281700680591144
0.7201542771868119,0.02547033635233065,7.3071710169434745
0.47990474348716394,0.013074865971629794,7.3202458829151045
0.050960415078993515,0.0010460953799322455,7.3212919782950365
0.16958020333506896,0.003716478538805262,7.325008456833841
0.5281390729351879,0.015021419657247686,7.340029876491089
0.6286254122990843,0.019810881107922045,7.359840757599011
0.18682321864768692,0.004136134996678067,7.363976892595689
0.42993281039761255,0.011240020972100256,7.375216913567789
0.621214732331845,0.0194157162107611,7.394632629778551
0.8984547184590407,0.04574500912855145,7.440377638907102
0.546540559831462,0.015816989015235795,7.456194627922338
0.7860159625905042,0.030837077165735707,7.487031705088074
0.5726790338811616,0.017004397420558995,7.504036102508633
0.7249369439887223,0.025815098260261748,7.529851200768895
0.7327843469919888,0.02639398514837348,7.556245185917268
0.6675634759653383,0.022026126845396996,7.578271312762665
0.9348076192174529,0.054608253520829646,7.632879566283494
0.5074220780891269,0.014162052276141606,7.647041618559635
0.8486475083938375,0.037762875622101386,7.684804494181737
0.6580821591385694,0.021463696043580848,7.706268190225318
0.058105457793573234,0.0011972392324268142,7.707465429457745
0.8356252437235192,0.03611212717559682,7.743577556633341
0.8373070758367955,0.036317815115753146,7.779895371749094
0.12308477362471182,0.0026268990896043416,7.782522270838699
0.27460917019503517,0.006420893875669142,7.788943164714368
0.7789198563942216,0.0301846000490504,7.819127764763419
0.7378750544683529,0.026778679951108244,7.845906444714527
0.18556292215481618,0.004105162128325311,7.850011606842852
0.2156705569253885,0.004858522777821127,7.854870129620673
0.6603880924954447,0.021599035236729177,7.876469164857403
0.47562691799173085,0.012911037188786193,7.889380202046189
0.19725524795015692,0.004394369669980854,7.893774571716169
0.7746836740365977,0.029804999418991063,7.923579571135161
0.5171272063973373,0.014560040545981789,7.938139611681143
0.5040839373215816,0.014026971900977873,7.9521665835821205
0.12887026357104236,0.0027592872419560945,7.954925870824076
0.3187136353597583,0.007675451102817571,7.962601321926893
0.36105479827009834,0.008958731691462338,7.971560053618356
0.18521416293009785,0.004096599537488841,7.975656653155845
0.7724893628474252,0.029611165699391574,8.005267818855236
0.6337574017570013,0.02008918656861013,8.025357005423846
0.8493249301904658,0.03785259232602292,8.06320959774987
0.8524035370036187,0.038265466610840876,8.101475064360711
0.9097576231602417,0.04810512304972379,8.149580187410434
0.5040961566884868,0.014027464706852488,8.163607652117287
0.9981054323412732,0.12537529229813427,8.288982944415421
0.3837894727492289,0.009683332176389847,8.298666276591812
0.5349233440628257,0.015311060710069966,8.313977337301882
0.4651688837533793,0.012516085049752717,8.326493422351634
0.5970347716810894,0.01817810005690076,8.344671522408534
0.636259555607867,0.020226294611076775,8.36489781701961
0.9359204847728646,0.05495261082740518,8.419850427847015
0.16072126022053923,0.00350424798219247,8.423354675829207
0.302240973156664,0.007197629391509135,8.430552305220717
0.49023891155973653,0.013476262341226744,8.444028567561944
0.5839126758367932,0.01753720253791683,8.46156577009986
0.08592127682563011,0.0017967716169856537,8.463362541716846
0.5106053392979215,0.014291720758369857,8.477654262475216
0.06492060483451667,0.001342476773660035,8.478996739248876
0.3701922168231324,0.009246812244386978,8.488243551493262
0.6044823507753643,0.018551197353524052,8.506794748846787
0.6517007302886249,0.021093863966707822,8.527888612813495
0.46114323653021405,0.01236610976687204,8.540254722580366
0.7066231175178869,0.024525944163806646,8.564780666744173
0.2542836335436187,0.005868199137949615,8.570648865882124
0.33154530745966726,0.00805573319091464,8.578704599073038
0.532517196839103,0.015207854312250834,8.59391245338529
0.7114847534208931,0.024860146933383485,8.618772600318673
0.5509679069683764,0.016013218342181775,8.634785818660855
0.7866627879212791,0.030897624196856172,8.665683442857711
0.7502668212425333,0.027747244320883987,8.693430687178594
0.7100813094583395,0.024763095455145417,8.71819378263374
0.4246639704404399,0.011056020192910042,8.72924980282665
0.8615935800565047,0.039551216999988786,8.76880101982664
0.92711553383517,0.052377594936637795,8.821178614763278
0.14534824403620694,0.003141223919641682,8.82431983868292
0.6590698121093779,0.021521551005033165,8.845841389687953
0.8201199915289407,0.03430930539973591,8.88015069508769
0.7690114521001155,0.029307742917605187,8.909458438005295
0.06781555816490015,0.001404491698225269,8.910862929703521
0.4036604362414461,0.010338900726117078,8.921201830429638
0.5715409614043301,0.016951202761115093,8.938153033190753
0.7186834280664455,0.025365493065287757,8.96351852625604
0.435518838670239,0.011436965365229841,8.97495549162127
0.8569769843424597,0.03889499426037894,9.01385048588165
0.7570901933998706,0.028301301415908874,9.042151787297557
0.10545213886554161,0.0022287374289048346,9.044380524726462
0.3150037515994655,0.007566838350449006,9.051947363076911
0.003939710060597901,7.894982323715414e-05,9.052026312900148
0.5497207387148697,0.015957746161293623,9.067984059061441
0.27227458285006045,0.006356629523562715,9.074340688585004
0.21290551442148953,0.004788139597137277,9.07912882818214
0.444781364004482,0.011767866081570582,9.09089669426371
0.17893080326264588,0.003942957792020558,9.09483965205573
0.36470739031242405,0.009073391671375717,9.103913043727106
0.7230096971658841,0.025675455624533258,9.12958849935164
0.9973198323745976,0.11843751879246836,9.248026018144108
0.18277439665485407,0.0040368017191074555,9.252062819863216
0.7033547069098851,0.024304363065662794,9.27636718292888
0.8180403880038841,0.03407941057281461,9.310446593501695
0.14251060201571575,0.0030749292777039845,9.313521522779398
0.3830741612658055,0.009660129176838924,9.323181651956236
0.5212358881422101,0.014730945249126926,9.337912597205364
0.8724898530019571,0.04119118666503886,9.379103783870402
0.8176275799914009,0.03403408837735813,9.413137872247761
0.07310110185615382,0.0015182156571026692,9.414656087904863
0.20791985670515112,0.004661854025166568,9.419317941930029
0.6963435205146105,0.02383716436404003,9.443155106294068
0.917882678847291,0.04999212616989293,9.493147232463961
0.42447463740760794,0.011049439625142933,9.504196672089105
0.06970801752959488,0.001445135649285095,9.50564180773839
0.7046613053683185,0.024392649276590503,9.530034457014981
0.04398176306531998,0.0008995657964235921,9.530934022811405
0.6486224041981865,0.020917877244573058,9.551851900055977
0.5246335119168758,0.014873384371659071,9.566725284427637
0.5380933472419719,0.0154478491724522,9.582173133600088
0.35153740630746044,0.008663019163304557,9.590836152763393
0.4282934569954563,0.011182589119120834,9.602018741882514
0.2434825762490701,0.0055805942792442435,9.607599336161758
0.09682511920675219,0.0020367815575674008,9.609636117719326
0.9800501440982631,0.07829066717285861,9.687926784892184
0.26647878772254097,0.006197975251138298,9.694124760143323
0.30326860689177026,0.0072271063647869685,9.70135186650811
0.6286973210205311,0.019814754053811067,9.721166620561922
0.150380263725578,0.003259327973721929,9.724425948535645
0.6526151285444062,0.02114643948069459,9.74557238801634
0.23946662932152007,0.005474705766527584,9.751047093782867
0.8451514815461827,0.03730615880460306,9.78835325258747
0.4107125936885364,0.010576825159127364,9.798930077746597
0.16286813975444703,0.003555473635562434,9.80248555138216
0.3143943976140281,0.007549054804476532,9.810034606186637
0.6019709752459146,0.01842460699677812,9.828459213183415
0.048237315532238756,0.0009887911257541841,9.82944800430917
0.1682575508964388,0.0036846488489860473,9.833132653158156
0.6627783731926934,0.02174029836943731,9.854872951527593
0.13215996737173852,0.0028349575102624616,9.857707909037856
0.6587681804763659,0.021503864200468185,9.879211773238325
0.9775670150487779,0.07594445721566707,9.955156230453992
0.8574923812693361,0.03896719631852067,9.994123426772513
0.15419453249525938,0.0033493177932975614,9.99747274456581
0.6621675729559259,0.021704105688275327,10.019176850254086
0.55401994462566,0.01614962093707213,10.035326471191159
0.6673293089969796,0.022012043884169708,10.057338515075328
0.38193641468677564,0.009623278759215832,10.066961793834544
0.6768127684530373,0.02259046918935625,10.0895522630239
0.07388436171155766,0.001535123455431343,10.091087386479332
0.4916630843350822,0.013532216628477837,10.10461960310781
0.9136146416942243,0.048978741631726094,10.153598344739537
0.6321968843618311,0.020004149916718332,10.173602494656256
0.7913028581170997,0.031337423197037674,10.204939917853293
0.14185142332707357,0.0030595605640052655,10.207999478417298
0.9712071152321973,0.07095253958074561,10.278952017998044
0.640485901066603,0.020460037688329637,10.299412055686373
0.7282356630285388,0.026056399928556205,10.32546845561493
0.575347269961482,0.017129670997246833,10.342598126612177
0.08697483475646373,0.0018198367104219097,10.344417963322599
0.5148976681217433,0.014467908334744988,10.358885871657344
0.586656815705062,0.017669541527270814,10.376555413184615
0.3189468984387379,0.007682300000233999,10.384237713184849
0.03927720199712903,0.0008013872646385562,10.385039100449488
0.7797720654127149,0.030261844053404024,10.415300944502892
0.24093290096484565,0.005513302019361238,10.420814246522253
0.8371733302017023,0.03630138038861533,10.457115626910868
0.5766346237430711,0.01719039398233198,10.4743060208932
0.8514405433808089,0.03813540039193125,10.512441421285132
0.21745211536634346,0.004904003280402451,10.517345424565535
0.06273581296690467,0.001295801732177522,10.518641226297714
0.4108929563701732,0.010582947478629265,10.529224173776344
0.09518699587436996,0.002000539638154022,10.531224713414497
0.8994691138304234,0.04594580547254537,10.577170518887042
0.2842276119575008,0.006687861127116544,10.583858380014158
0.39654682942101926,0.01010173675689467,10.593960116771052
0.20153801521519898,0.00450135841489825,10.598461475185951
0.994098873382272,0.1026522398828443,10.701113715068796
0.20086982480068816,0.0044846284766772194,10.705598343545473
0.5740795509067804,0.017070053787369994,10.722668397332843
0.00807260699224599,0.00016210733816948827,10.722830504671013
0.5613237067840212,0.016479870219690888,10.739310374890703
0.9342214709942687,0.054429236016086534,10.79373961090679
0.017323820984073923,0.0003495126849909614,10.794089123591782
0.4755865573211756,0.012909497860443384,10.806998621452225
0.2294850156834446,0.005213923537759167,10.812212544989984
0.17052860256878066,0.00373933303288989,10.815951878022874
0.16182215168062208,0.0035304994303896747,10.819482377453264
0.6193807308031901,0.019319113938574047,10.838801491391838
0.5991789080525035,0.01828480211953213,10.85708629351137
0.768009738795212,0.029221197715249572,10.88630749122662
0.16076519063133532,0.003505294870633219,10.889812786097254
0.944605302162599,0.05786542793430431,10.947678214031558
0.5002643657697878,0.013873521038546624,10.961551735070104
0.10575299423602014,0.0022354649833915487,10.963787200053495
0.8672748744339336,0.04038950028901888,11.004176700342514
0.765962703215502,0.02904549576714816,11.033222196109662
0.048330898315400606,0.0009907577375112867,11.034212953847174
0.17351980527486532,0.003811586496663494,11.038024540343837
0.6774582016831089,0.022630450879208737,11.060654991223046
0.4868388401461142,0.01334330662769479,11.073998297850741
0.4684827981279104,0.012640394339196353,11.086638692189938
0.5415248061308734,0.015596981830856869,11.102235674020795
0.07480083091220768,0.0015549249342908503,11.103790598955086
0.3243703601852056,0.007842204463425826,11.111632803418512
0.9623207389896271,0.06557290883435096,11.177205712252864
0.6523314598570326,0.021130114478996025,11.19833582673186
0.582316659022293,0.01746063382037285,11.215796460552232
0.011662900360963402,0.0002346289092211597,11.216031089461453
0.9713083223568255,0.07102296351715863,11.287054052978611
0.9955309963663287,0.10821179591894793,11.395265848897559
0.9927609103531413,0.09856519639749055,11.49383104529505
0.20514713572615761,0.004591965156833134,11.498423010451884
0.9380337726403243,0.05562331524712232,11.554046325699005
0.25069316304653544,0.005772134343987794,11.559818460042992
0.9675470942734126,0.06855930590215759,11.62837776594515
0.9999884166106695,0.22731876880692037,11.85569653475207
0.6589449911658393,0.02151422996958947,11.87721076472166
0.706722205864452,0.024532700325579956,11.90174346504724
0.9764926729861405,0.07500886237207877,11.976752327419318
0.8163408189614442,0.03389347031847579,12.010645797737794
0.7593391783253403,0.028487334314454705,12.03913313205225
0.7288749184238862,0.02610350017910112,12.06523663223135
0.8657976175443608,0.04016812603158984,12.10540475826294
0.3082490364407433,0.007370585347723485,12.112775343610664
0.3500538075778048,0.008617314008158232,12.121392657618822
0.5643972048978684,0.016620489425447166,12.13801314704427
0.8641831284616409,0.039928956668844245,12.177942103713113
0.2904004184207688,0.006861088752883378,12.184803192465996
0.6276745455117061,0.019759738590693524,12.204562931056689
0.9781592050540544,0.07647951460287927,12.281042445659567
0.28019096778272734,0.006575386703682063,12.28761783236325
0.7880659643207673,0.031029604103690867,12.318647436466941
0.49951775212503646,0.01384366299274371,12.332491099459684
0.10406924776485471,0.0021978430889145555,12.334688942548599
0.9209918282031846,0.05076407982797388,12.385453022376574
0.517721122916954,0.014584654981727858,12.400037677358302
0.5743717130641357,0.017083777589964388,12.417121454948267
0.12837893419825475,0.0027480101417493136,12.419869465090017
0.7910677517404661,0.03131490501158239,12.451184370101599
0.816066650669895,0.03386363637793155,12.48504800647953
0.06758586060821414,0.001399564148453204,12.486447570627984
0.7207955689975521,0.025516220757344908,12.511963791385329
0.023908002005854967,0.0004839687354271827,12.512447760120756
0.5840437227272365,0.017543502539085074,12.529991262659841
0.17017854931042964,0.00373089441968329,12.533722157079525
0.36362130622130406,0.009039229247415065,12.54276138632694
0.4609634706206859,0.01235943875732453,12.555120825084265
0.014437413214705597,0.0002908529351944713,12.555411678019459
0.5956216361575754,0.018108085902808574,12.573519763922267
0.4496934405673976,0.011945595504960884,12.585465359427229
0.33288917474540713,0.008095981841284138,12.593561341268513
0.23861839378142968,0.005452411863364854,12.599013753131878
0.14960387589495494,0.0032410601939277615,12.602254813325805
0.7494473217569741,0.02768172176356467,12.629936535089369
0.678395445133213,0.022688651572692557,12.652625186662062
0.6418394543159591,0.020535478829488363,12.673160665491551
0.0836332078695774,0.0017467713273591585,12.674907436818911
0.33259715810758805,0.008087229090385631,12.682994665909296
0.7239733289740052,0.025745155675632223,12.70873982158493
0.0675111403966735,0.0013979614868322857,12.710137783071762
0.5940052189720247,0.01802829948147848,12.72816608255324
0.06392588571506996,0.0013212124742184872,12.72948729502746
0.557425355725226,0.016302922822674055,12.745790217850134
0.9922168790826579,0.09711595750083049,12.842906175350965
0.8473180561074192,0.0375879663875454,12.880494141738511
0.273170842760198,0.006381276519676743,12.886875418258189
0.07470878696182759,0.0015529353222108295,12.8884283535804
0.8931035996032494,0.04471790268279352,12.933146256263193
0.15271568364103727,0.0033143793217668654,12.93646063558496
0.6123672498442905,0.018953938156184628,12.955414573741145
0.07043522368345778,0.0014607756965626306,12.956875349437707
0.823042106251411,0.03463686926268598,12.991512218700393
0.041112339026325606,0.0008396270560436268,12.992351845756437
0.5135251237377535,0.014411400409875643,13.006763246166312
0.35618085550909273,0.008806748477084035,13.015569994643396
0.41436116573157034,0.01070104006369413,13.02627103470709
0.6960023124939008,0.023814703689853584,13.050085738396943
0.9443586366445074,0.05777656818146038,13.107862306578403
0.22773664864377396,0.005168593168575045,13.113030899746978
0.2680927410533027,0.006242029369507568,13.119272929116486
0.7035907645242091,0.02432028454440852,13.143593213660894
0.9786751601825253,0.07695765394245312,13.220550867603347
0.2442161478461491,0.005599997070640416,13.226150864673988
0.7300569533016278,0.026190885607770418,13.252341750281758
0.6618094617742629,0.021682916395392812,13.274024666677152
0.8893815287426375,0.04403336388556415,13.318058030562716
0.2047998685606396,0.004583229166976805,13.322641259729693
0.31107697202639584,0.0074525145955438195,13.330093774325237
0.7338315197576112,0.026472515726675517,13.356566290051912
0.44337959078255607,0.011717435258127667,13.36828372531004
0.5844889949075555,0.017564923573073016,13.385848648883112
0.9073035719487188,0.04756850679002713,13.433417155673139
0.6891277902386922,0.02336746704669861,13.456784622719837
0.5247278447602842,0.014877353612521753,13.47166197633236
0.8801863455347757,0.042436352452470724,13.514098328784831
0.030882209431091545,0.000627382311688244,13.514725711096519
0.4640356275558267,0.01247375178882181,13.52719946288534
0.2441373786249008,0.005597912741461632,13.532797375626801
0.11218286297724378,0.0023797896794394455,13.53517716530624
0.7002999152189829,0.02409946043546566,13.559276625741706
0.4300707994601365,0.011244862708947534,13.570521488450654
0.717585701146836,0.025287602826242803,13.595809091276896
0.8517151148101659,0.0381723991106521,13.633981490387548
0.06398509846074851,0.001322477643667115,13.635303968031215
0.05420714710458685,0.0011146341095472786,13.636418602140761
0.9181466492306675,0.0500565207615167,13.686475122902278
0.5183236759654998,0.014609658348121888,13.7010847812504
0.6872568560457771,0.023247461033688847,13.724332242284088
0.21208089423882792,0.0047671970411480745,13.729099439325237
0.6682225108906278,0.022065814965702434,13.751165254290939
0.7748465371130278,0.029819461039952748,13.780984715330892
0.789964165660218,0.03120954246217441,13.812194257793067
0.023903554460132925,0.0004838776059926902,13.812678135399059
0.23238596415329393,0.005289364593001487,13.817967499992061
0.3033965288532249,0.007230778761569559,13.82519827875363
0.015721398561273303,0.00031692580921267264,13.825515204562842
0.2621192630851701,0.006079461410745767,13.831594665973588
0.5155443913347312,0.014494589496617185,13.846089255470206
0.14025126582034353,0.003022302039659268,13.849111557509865
0.15876346770832506,0.0034576481462857927,13.85256920565615
0.828336818984066,0.03524441943908409,13.887813625095236
0.7775101565201116,0.030057476513982228,13.917871101609217
0.924799144834769,0.05175185352425861,13.969622955133476
0.7825825110190332,0.030518717228720762,14.000141672362197
0.11528820592558486,0.0024498668684972496,14.002591539230695
0.7251416838335287,0.02582999056047954,14.028421529791174
0.0681946321678204,0.0014126263780648298,14.029834156169239
0.03345313658371829,0.0006805098750626654,14.0305146660443
0.8789546392937687,0.04223179843532735,14.072746464479629
0.6714741995342607,0.022262798078220666,14.095009262557848
0.8711499818269294,0.040982124016865115,14.135991386574714
0.6280161454702439,0.019778096549052136,14.155769483123766
0.6860414193307656,0.02316988420942613,14.178939367333193
0.5226655649299791,0.014790758240494674,14.193730125573687
0.41924773154590755,0.01086862002524926,14.204598745598936
0.8796941071843815,0.04235435345730432,14.24695309905624
0.1096150794083528,0.002322028294163641,14.249275127350403
0.587107101858602,0.017691340923723795,14.266966468274127
0.1465264565139235,0.0031688146980220124,14.270135282972149
0.38129490534857,0.009602530840671964,14.27973781381282
0.7353427303964092,0.02658639224619087,14.306324206059012
0.9393860634958117,0.05606460874060997,14.36238881479962
0.6138279093495963,0.019029443563395133,14.381418258363016
0.33541793867417924,0.008171938302228383,14.389590196665244
0.6376028085218985,0.020300289092556614,14.409890485757801
0.10176918057578155,0.0021465641297522212,14.412037049887553
0.05614504440125723,0.0011556554674391423,14.413192705354993
0.6983577658789556,0.0239702723818856,14.437162977736879
0.49456613378221825,0.013646761550637392,14.450809739287516
0.7120133890080196,0.024896825790760913,14.475706565078276
0.8601139912191913,0.039338548220532815,14.51504511329881
0.14731450284001757,0.0031872900303529365,14.518232403329161
0.4508100421585447,0.011986217806440734,14.530218621135603
0.8153571128927983,0.033786633187443245,14.564005254323046
0.26221550475420297,0.006082070177749877,14.570087324500795
0.6500813222259184,0.021001090014256974,14.591088414515053
0.7137999043738402,0.025021281554725862,14.616109696069778
0.753197551699965,0.027983341336433706,14.644093037406211
0.30089923163252663,0.007159207727677569,14.65125224513389
0.12254471977325765,0.002614585752906521,14.653866830886797
0.10463070188720713,0.002210380444465442,14.656077211331262
0.4457833505491895,0.011803992093796269,14.667881203425058
0.8443773965934447,0.03720642823357956,14.705087631658637
0.6826728303885848,0.02295643913081919,14.728044070789457
0.9604554979106954,0.06460657212159837,14.792650642911054
0.976407129199297,0.07493621394606648,14.867586856857121
0.4151033382100624,0.010726401877340813,14.878313258734462
0.05000527390439724,0.0010259769176254587,14.879339235652088
0.8178027263443198,0.03405330515477408,14.913392540806862
0.49419089705050867,0.013631918955519401,14.927024459762382
0.039680370844453305,0.0008097820579558464,14.927834241820339
0.8648936722006436,0.040033863944395086,14.967868105764733
0.6025486293776231,0.018453653808571488,14.986321759573304
0.5352333667555427,0.015324397267221557,15.001646156840525
0.8762173768642325,0.0417845658195239,15.04343072266005
0.5656751255214086,0.016679249324112633,15.060109971984163
0.4313829102923611,0.011290960489050024,15.071400932473214
0.3389854224193538,0.008279587710902425,15.079680520184116
0.4907287710411137,0.013495490760610343,15.093176010944726
0.604497243586587,0.018551950447179708,15.111727961391905
0.5921678060480032,0.017937989570279454,15.129665950962185
0.35869780740502355,0.008885089876966535,15.13855104083915
0.05845456763757684,0.0012046535350372638,15.139755694374188
0.9045966148174742,0.046992824341277606,15.186748518715465
0.6750065346587117,0.022479004069934617,15.2092275227854
0.7467693895435575,0.02746909403283035,15.236696616818229
0.3704453213947644,0.009254851377923852,15.245951468196152
0.9100851971327323,0.048177853836034096,15.294129322032186
0.8016004038955713,0.032349442397948104,15.326478764430133
0.5769653761882833,0.017206025006056995,15.34368478943619
0.5108033393844471,0.014299814028151194,15.357984603464342
0.7871509371906952,0.03094343979549458,15.388928043259837
0.5574876246817699,0.01630573696208716,15.405233780221923
0.3032174298473731,0.007225637357779664,15.412459417579703
0.7009377851369687,0.024142073015427364,15.43660149059513
0.21522112564700102,0.004847065792074863,15.441448556387206
0.6167461066396515,0.019181152049623305,15.46062970843683
0.8006889860848151,0.03225777580587838,15.492887484242708
0.2979171527757365,0.007074077318613711,15.49996156156132
0.4991338792833475,0.013828328754529141,15.51378989031585
0.5468762892051545,0.015831801970393106,15.529621692286243
0.15019419298709902,0.003254948358740678,15.532876640644984
0.36822991184589415,0.009184594711744504,15.542061235356728
0.5295485437852511,0.015081250003370959,15.5571424853601
0.7177032183825445,0.025295926887269334,15.582438412247368
0.21278727248329787,0.004785135305791079,15.58722354755316
0.7605816594064448,0.028590857562524646,15.615814405115685
0.35494302942553724,0.008768332792297648,15.624582737907984
0.3626282729290865,0.00900804469266554,15.633590782600649
0.4395768428346595,0.011581262856163826,15.645172045456812
0.9225496205978623,0.051162356269187394,15.696334401726
0.5545130164194845,0.016171745001005357,15.712506146727005
0.24979631615673403,0.0057482106172969385,15.718254357344302
0.3525415837335093,0.008694014189060356,15.726948371533362
0.17373871273261277,0.003816884541431237,15.730765256074793
0.18266818714185096,0.004034202617672419,15.734799458692466
0.10589365140671492,0.0022386110545109302,15.737038069746976
0.4061230033355838,0.010421661147705716,15.747459730894683
0.8049330729203785,0.032688251270210536,15.780147982164893
0.005459916438970702,0.00010949752520992106,15.780257479690103
0.044556683857117196,0.0009115968165235458,15.781169076506627
0.5094115478788487,0.014242993714241769,15.795412070220868
0.13267038744902004,0.002846723969949489,15.798258794190817
0.8245021042301895,0.03480256452127412,15.83306135871209
0.3407142762902361,0.008331965336123296,15.841393324048214
0.11799740086942934,0.002511205522392606,15.843904529570606
0.0028351199322277365,5.6782929941461645e-05,15.843961312500548
0.9604816876462906,0.0646198222122953,15.908581134712843
0.9148918741023647,0.04927665523005302,15.957857789942896
0.4158702267562573,0.010752642127628444,15.968610432070523
0.7535823734210971,0.028014550268820576,15.996624982339345
0.8025957250111045,0.03245002991477107,16.029075012254115
0.7525225784027919,0.027928718540091824,16.057003730794207
0.7771997902526179,0.03002959659027824,16.087033327384486
0.5873847839633985,0.01770479601207486,16.10473812339656
0.8532163999439099,0.03837591770563227,16.143114041102194
0.29680974307561225,0.007042555760958029,16.15015659686315
0.30846936734694075,0.007376956600219407,16.15753355346337
0.8685860382954551,0.040588058502337605,16.198121611965707
0.07320582879202353,0.0015204755120422522,16.19964208747775
0.760978590276464,0.028624043012590174,16.22826613049034
0.1823916536434279,0.004027437024460912,16.2322935675148
0.39101196782177683,0.009919133261220556,16.242212700776022
0.3029885388128717,0.007219068495195598,16.24943176927122
0.8151538054532246,0.03376462361041524,16.283196392881635
0.06238782923897879,0.0012883775896632677,16.2844847704713
0.5617406972312261,0.0164988905664777,16.300983661037776
0.5778246731877952,0.017246691696975035,16.31823035273475
0.739490481913557,0.026902317613926904,16.34513267034868
0.03577308604009244,0.0007285724829153428,16.345861242831596
0.9541058860876358,0.0616283681468425,16.407489610978438
0.3390976982145735,0.008282985074147941,16.415772596052587
0.4368076993744323,0.011482682899920242,16.427255278952508
0.5028847582371228,0.013978668099798159,16.441233947052307
0.6482321845426826,0.020895678724078378,16.462129625776385
0.741590916841867,0.027064227123014574,16.489193852899398
0.9636591917646126,0.06629627950663358,16.55549013240603
0.3713006601778086,0.009282042673235272,16.564772175079266
0.5868605524469576,0.01767940195207209,16.58245157703134
0.06157266544961648,0.0012709970635420243,16.58372257409488
0.28673531124916385,0.006758053899758991,16.59048062799464
0.9110969466867512,0.04840417583142414,16.638884803826066
0.11683060261273481,0.0024847650751402156,16.641369568901208
0.6362393206808048,0.02022518203948573,16.661594750940694
0.152906515300123,0.0033188843774816738,16.664913635318175
0.2515338123632078,0.005794584992814936,16.670708220310992
0.1299635445789955,0.0027844033085728187,16.673492623619566
0.5263643489924918,0.014946338432498015,16.688438962052064
0.8744981504292872,0.041508695658073094,16.729947657710138
0.6557450848973038,0.0213274572752462,16.751275114985383
0.16656977855210675,0.0036441059562963953,16.75491922094168
0.1844892690482689,0.004078813965371001,16.75899803490705
0.5073719797913933,0.014160018252771061,16.773158053159822
0.7889895014939222,0.03111694781581763,16.80427500097564
0.31489431199576823,0.007563643271279431,16.81183864424692
0.0963891023303588,0.0020271286836062536,16.813865772930527
0.08993593634181529,0.0018848056464959959,16.815750578577024
0.7589677754210501,0.028456492849685544,16.84420707142671
0.5863321756543817,0.017653839677406018,16.861860911104117
0.23820768262877712,0.005441626196508414,16.867302537300624
0.8424523672615939,0.03696054872708182,16.904263086027704
0.9195215886405883,0.050395326247909406,16.954658412275613
0.3099620430738653,0.007420173457319046,16.962078585732932
0.7938873458545335,0.031586647897695816,16.99366523363063
0.4238472758985605,0.011027650148435864,17.004692883779065
0.9653506857343255,0.06724954687708959,17.071942430656154
0.14382804533593274,0.003105680827950085,17.075048111484104
0.8001721887813694,0.03220598454332016,17.107254096027425
0.1388091036948279,0.002988781689786226,17.110242877717212
0.6084156565838948,0.018751087003741715,17.128993964720955
0.970483577092593,0.07045616923631033,17.199450133957264
0.7038360987632842,0.02433684515020673,17.22378697910747
0.21446997301711845,0.004827931908632301,17.228614911016102
0.34701353034701476,0.008523977404135345,17.237138888420237
0.5409352223693367,0.015571279022870478,17.25271016744311
0.49773285309065785,0.013772462713640344,17.266482630156748
0.21786731767609535,0.004914617646766182,17.271397247803513
0.8270290291743444,0.03509262994519533,17.30648987774871
0.7321342269703998,0.026345385416829247,17.33283526316554
0.6415882533764276,0.020521456464821553,17.35335671963036
0.08484781638851113,0.0017732981329905586,17.35513001776335
0.7453018034450125,0.02735351955370737,17.382483537317057
0.05751080196901792,0.0011846164140146805,17.383668153731072
0.42612200461225935,0.01110676913688326,17.394774922867956
0.26676948157319214,0.006205902805566821,17.400980825673525
0.8912060144218988,0.044365984514026194,17.44534681018755
0.709382763051572,0.024714964291451563,17.470061774479003
0.4101847624227639,0.010558918955498138,17.480620693434503
0.7987463125908234,0.032063780806424996,17.512684474240928
0.39635481648323645,0.010095373963382417,17.52277984820431
0.793671518519081,0.03156571619748361,17.554345564401793
0.11272198821318036,0.0023919383296765904,17.55673750273147
0.2886912143326885,0.006812972915103497,17.563550475646572
0.8814367268230098,0.04264617020094623,17.60619664584752
0.5860897879349024,0.01764212415496603,17.623838770002486
0.45238265320319926,0.012043570164167244,17.635882340166653
0.02019305385760728,0.0004079944091117128,17.636290334575765
0.975664635285466,0.07431649297134059,17.710606827547107
0.28331165737587216,0.00666228402927772,17.717269111576385
0.6747885753835754,0.02246559541757492,17.73973470699396
0.7611758197570679,0.028640552905823076,17.768375259899784
0.20228434093078973,0.0045200612396835045,17.77289532113947
0.971094718561713,0.07087461903661225,17.84376994017608
0.8291282830914762,0.03533684395065704,17.879106784126737
0.37560821805205336,0.009419545038916332,17.888526329165654
0.5519277150569074,0.016056014185266233,17.90458234335092
0.365508649423144,0.009098632475863537,17.913680975826786
0.642917901504185,0.020595791117312832,17.934276766944098
0.7560957104160078,0.028219587728893547,17.962496354672993
0.5818546703133529,0.01743852456414834,17.979934879237142
0.5222424594539097,0.014773038250606814,17.994707917487748
0.9825283796308631,0.08094354815225219,18.07565146564
0.8038037456577175,0.032572796461020764,18.10822426210102
0.5222137316143971,0.014771835675099433,18.12299609777612
0.9625424720509058,0.06569095151784865,18.188687049293968
0.27642596325892077,0.006471048135663322,18.19515809742963
0.9853174672691895,0.08442193482660952,18.279580032256238
0.7778832392350856,0.0300910417196251,18.309671073975863
0.3571338196477487,0.008836373881042647,18.318507447856906
0.8484216247142968,0.037733049183650544,18.356240497040556
0.1102930142034726,0.0023372619981193313,18.358577759038674
0.8897331786865273,0.044097044040431826,18.402674803079105
0.14818016699066494,0.0032076047623693714,18.405882407841474
0.5998517727905642,0.018318404649878762,18.424200812491353
0.26073069507435487,0.006041860127721259,18.430242672619073
0.6799089112701874,0.022782993428269487,18.453025666047342
0.06097398794995457,0.0012582419658766107,18.454283908013217
0.3890732580604438,0.00985556451249775,18.464139472525716
0.712806683865263,0.02495199429180477,18.48909146681752
0.8766729644112495,0.04185831252219281,18.530949779339714
0.6840149554096892,0.02304120787522092,18.553990987214934
0.37321473259371507,0.00934302546467226,18.563334012679608
0.754758984610773,0.028110276314125774,18.591444288993735
0.6478866753237811,0.020876044201886993,18.612320333195623
0.6997179308930275,0.02406066031418106,18.636380993509803
0.4978736524010531,0.013778070050290268,18.650159063560093
0.5909777375888614,0.017879713861951776,18.668038777422044
0.5041025270872871,0.01402772162922983,18.682066499051274
0.3031178624714871,0.007222779643854452,18.689289278695128
0.30851422280696916,0.007378253922788388,18.696667532617916
0.015743623018770303,0.0003173774030678305,18.696984910020984
0.3119026869070449,0.007476500152038245,18.70446141017302
0.5166996136375902,0.014542338014115648,18.719003748187138
0.5735937880872439,0.017047256759218483,18.736051004946358
0.5201829618473471,0.014687008365189068,18.750738013311548
0.7199601265068092,0.0254564656123748,18.776194478923923
0.7671090081556714,0.029143695621045556,18.805338174544968
0.32075378845028124,0.007735432161863871,18.81307360670683
0.2857209627412747,0.006729631690053775,18.819803238396883
0.3344516602200458,0.008142880140011808,18.827946118536893
0.15745026581423838,0.00342645173646853,18.831372570273363
0.30228947932170924,0.0071990197812930165,18.838571590054656
0.12192353406628498,0.0026004319619709437,18.841172022016625
0.4952476480018394,0.013673747241423,18.85484576925805
0.4537404017690857,0.012093219231891984,18.86693898848994
0.051495121798170396,0.0010573669310072527,18.86799635542095
0.5400237628247537,0.0155316089829603,18.88352796440391
0.7425488205279487,0.027138503422738203,18.910666467826648
0.49485288755327017,0.013658111607082224,18.92432457943373
0.1320712317881142,0.002832912639225289,18.927157492072954
0.7240887654902692,0.0257535215817814,18.952911013654735
0.533104349678662,0.015232989862611797,18.968144003517345
0.8132824984022449,0.03356316982016316,19.001707173337508
0.553209193275113,0.016113295756318993,19.017820469093827
0.8141413501291344,0.03365537682211625,19.051475845915945
0.6831694401528404,0.022987763190604412,19.074463609106548
0.7236655582545413,0.025722868027628173,19.100186477134176
0.29103266257791494,0.006878916440545926,19.10706539357472
0.24898731292709997,0.005726654675765206,19.112792048250487
0.9045176689856478,0.04697628128338926,19.159768329533875
0.9324035602999686,0.053883999289589625,19.213652328823464
0.30113017836744693,0.007165815784776145,19.22081814460824
0.7102712721315098,0.024776204298482773,19.245594348906724
0.12090376751124943,0.002577218155600357,19.248171567062325
0.6393721465561973,0.020398174585105268,19.26856974164743
0.8946733896491962,0.04501378363767589,19.313583525285104
0.3920642391740896,0.009953721182686934,19.32353724646779
0.9861294243432288,0.08555971083568101,19.409096957303472
0.9130630785231948,0.04885144927586045,19.457948406579334
0.6229600037961049,0.019508080128696748,19.477456486708032
0.20388028737411779,0.004560114233990523,19.48201660094202
0.874953487475498,0.04158139021391857,19.52359799115594
0.9432653910756202,0.057387417355704844,19.580985408511644
0.22977767350863798,0.00522152140214942,19.586206929913793
0.3909390339057792,0.009916738155073325,19.596123668068866
0.653887163868752,0.021219808822048138,19.617343476890916
0.6879391503073368,0.02329114158245025,19.640634618473367
0.31120645565661575,0.007456273964726217,19.648090892438095
0.7515960830706494,0.0278539832082092,19.675944875646305
0.39199006092082345,0.009951280999597707,19.685896156645903
0.6092145518336216,0.018791931910382493,19.704688088556285
0.2913133497111162,0.006886836204869301,19.711574924761155
0.7874537664750135,0.0309719148950627,19.742546839656217
0.7188432602948298,0.025376859452234765,19.76792369910845
0.16308578135259721,0.003560674008529953,19.77148437311698
0.7213284535308168,0.02555442886931631,19.797038801986297
0.5685917655928655,0.016814009151420256,19.813852811137718
0.5600783169852683,0.016423171221216556,19.830275982358934
0.35694721905262394,0.008830569453172761,19.839106551812108
0.8880663120018994,0.04379697308952171,19.88290352490163
0.9091723278124935,0.047975825600608306,19.930879350502238
0.09588519393863837,0.0020159785759603396,19.9328953290782
0.025056459271767584,0.0005075143321272884,19.933402843410327
0.7416641253720878,0.027069894021518957,19.960472737431846
0.04831300260534144,0.0009903816500294255,19.961463119081877
0.37772588059690304,0.00948749153779339,19.97095061061967
0.014853507090255458,0.00029929850204185945,19.971249909121713
0.7735260908002928,0.029702510637306626,20.00095241975902
0.9869863785442454,0.08683517331591085,20.087787593074932
0.24013844966886466,0.005492380658275395,20.093279973733207
0.7133355720167879,0.024988859755881488,20.11826883348909
0.3361117493866528,0.008192828818766661,20.126461662307857
0.7497665837005755,0.027707222630328633,20.154168884938187
0.6300075951434455,0.019885456019385496,20.17405434095757
0.16239532734492623,0.003544180816356688,20.177598521773927
0.18620508530106683,0.004120937845360389,20.181719459619288
