slackaware 1588639582.954 1588639605.092 1588639617.182 1588639603.052 1588639615.165 1588639621.245 1588639605.058 1588639617.167 1588639623.248
slackaware 1588639599.027 1588639677.222 1588639691.331 1588639663.184 1588639689.306 1588639707.412 1588639677.202 1588639691.31 1588639709.417
slackaware 1588639678.704 1588639750.887 1588639760.992 1588639742.856 1588639758.972 1588639765.066 1588639750.867 1588639760.974 1588639767.07
slackaware 1588639681.171 1588639757.383 1588639771.491 1588639741.342 1588639769.454 1588639783.559 1588639757.36 1588639771.457 1588639785.563
slackaware 1588639678.732 1588639686.86 1588639696.955 1588639684.834 1588639694.929 1588639701.016 1588639686.838 1588639696.932 1588639703.02
slackaware 1588639678.699 1588639742.884 1588639750.977 1588639740.854 1588639748.954 1588639757.038 1588639742.859 1588639750.958 1588639759.042
slackaware 1588639678.734 1588639686.896 1588639698.994 1588639684.87 1588639696.967 1588639707.068 1588639686.875 1588639698.972 1588639709.069
slackaware 1588639586.219 1588639650.48 1588639660.6 1588639646.441 1588639658.578 1588639668.665 1588639650.446 1588639660.581 1588639670.669
slackaware 1588639599.108 1588639607.244 1588639617.337 1588639605.214 1588639615.315 1588639621.405 1588639607.219 1588639617.318 1588639623.409
slackaware 1588639672.368 1588639685.579 1588639695.677 1588639683.548 1588639693.658 1588639703.747 1588639685.554 1588639695.659 1588639707.749
slackaware 1588639672.344 1588639693.814 1588639716.376 1588639691.776 1588639713.904 1588639722.466 1588639693.782 1588639715.908 1588639724.47
slackaware 1588639780.653 1588639791.644 1588639801.75 1588639788.754 1588639799.724 1588639841.865 1588639790.759 1588639801.729 1588639843.867
slackaware 1588639695.077 1588639701.219 1588639745.362 1588639699.188 1588639743.329 1588639797.48 1588639701.193 1588639745.333 1588639803.485
slackaware 1588639696.519 1588639711.649 1588639721.778 1588639708.636 1588639719.759 1588639729.86 1588639710.641 1588639721.762 1588639731.862
slackaware 1588639782.497 1588639840.697 1588639852.787 1588639838.671 1588639850.762 1588639929.754 1588639840.676 1588639852.765 1588639931.756
slackaware 1588639792.538 1588639806.676 1588639844.794 1588639804.641 1588639842.775 1588639902.914 1588639806.647 1588639844.778 1588639904.916
slackaware 1588639812.115 1588639818.244 1588639830.33 1588639816.219 1588639828.305 1588639886.439 1588639818.225 1588639830.308 1588639888.442
slackaware 1588639716.59 1588639734.739 1588639742.83 1588639732.707 1588639740.81 1588639760.905 1588639734.711 1588639742.814 1588639762.908
slackaware 1588639800.365 1588639824.515 1588639834.604 1588639822.483 1588639832.585 1588639844.667 1588639824.488 1588639834.588 1588639846.669
slackaware 1588639719.988 1588639730.134 1588639759.137 1588639728.102 1588639756.228 1588639799.245 1588639730.105 1588639758.231 1588639801.249
slackaware 1588639722.372 1588639764.554 1588639850.726 1588639762.527 1588639848.708 1588639930.863 1588639764.533 1588639850.711 1588639932.866
slackaware 1588639724.084 1588639734.247 1588639744.345 1588639732.218 1588639742.328 1588639752.405 1588639734.224 1588639744.33 1588639754.406
slackaware 1588639820.749 1588639832.907 1588639861.022 1588639830.87 1588639859.003 1588639873.092 1588639832.875 1588639861.005 1588639875.095
slackaware 1588639867.117 1588639929.33 1588639950.032 1588639927.311 1588639947.403 1588640078.207 1588639929.315 1588639949.407 1588640080.211
slackaware 1588639829.211 1588639861.413 1588639927.553 1588639859.369 1588639925.536 1588639937.627 1588639861.375 1588639927.538 1588639939.631
slackaware 1588639834.759 1588639846.932 1588639859.042 1588639844.904 1588639857.012 1588639867.109 1588639846.909 1588639859.015 1588639869.111
slackaware 1588639746.585 1588639800.774 1588639872.929 1588639798.738 1588639870.908 1588639933.084 1588639800.745 1588639872.91 1588639935.086
slackaware 1588639749.043 1588639799.206 1588639810.361 1588639797.168 1588639807.283 1588639820.453 1588639799.172 1588639809.284 1588639822.455
slackaware 1588639880.228 1588639944.476 1588639964.559 1588639940.446 1588639962.546 1588639980.627 1588639944.451 1588639964.547 1588639982.629
slackaware 1588639880.317 1588639888.463 1588639902.558 1588639886.434 1588639900.526 1588639984.702 1588639888.438 1588639902.53 1588639986.703
slackaware 1588639752.648 1588639762.857 1588639774.957 1588639760.822 1588639772.929 1588639785.022 1588639762.826 1588639774.931 1588639787.024
slackaware 1588639762.976 1588639827.155 1588639840.331 1588639825.117 1588639838.312 1588639852.425 1588639827.122 1588639840.315 1588639854.427
slackaware 1588639874.601 1588639886.781 1588639896.871 1588639884.75 1588639894.855 1588639944.993 1588639886.755 1588639896.857 1588639946.995
slackaware 1588639765.363 1588639815.581 1588639825.681 1588639813.553 1588639823.664 1588639919.835 1588639815.559 1588639825.665 1588639921.838
slackaware 1588639766.446 1588639780.615 1588639844.763 1588639778.588 1588639842.744 1588639924.903 1588639780.593 1588639844.746 1588639926.908
slackaware 1588639772.368 1588639782.549 1588639792.639 1588639780.52 1588639790.621 1588639800.728 1588639782.525 1588639792.622 1588639802.73
slackaware 1588639890.467 1588639902.7 1588639916.792 1588639900.671 1588639914.772 1588639930.868 1588639902.676 1588639916.775 1588639932.87
slackaware 1588639905.741 1588639976.017 1588639986.104 1588639973.991 1588639984.085 1588640076.255 1588639975.997 1588639986.088 1588640078.258
slackaware 1588639777.571 1588639789.757 1588639799.859 1588639787.726 1588639797.832 1588639871.989 1588639789.731 1588639799.833 1588639873.993
slackaware 1588639904.233 1588639918.436 1588639934.526 1588639916.405 1588639932.507 1588640040.691 1588639918.41 1588639934.509 1588640042.694
slackaware 1588639789.726 1588639847.955 1588639866.084 1588639845.925 1588639864.057 1588639994.285 1588639847.931 1588639866.059 1588639996.29
slackaware 1588639795.09 1588639807.272 1588639819.362 1588639805.245 1588639817.344 1588639831.434 1588639807.251 1588639819.346 1588639833.436
slackaware 1588639942.546 1588639962.753 1588639982.855 1588639960.734 1588639980.835 1588639993.007 1588639962.737 1588639982.838 1588639995.009
slackaware 1588639942.358 1588639962.558 1588640050.704 1588639960.538 1588640048.689 1588640056.766 1588639962.542 1588640050.691 1588640058.767
slackaware 1588639941.551 1588639967.8 1588639982.691 1588639965.763 1588639980.672 1588640034.809 1588639967.769 1588639982.675 1588640036.811
slackaware 1588639945.18 1588640041.491 1588640107.636 1588640039.471 1588640105.61 1588640209.778 1588640041.475 1588640107.612 1588640211.78
slackaware 1588639824.472 1588639837.347 1588639853.479 1588639835.297 1588639851.461 1588639877.557 1588639837.302 1588639853.463 1588639879.56
slackaware 1588639941.558 1588639961.857 1588639979.964 1588639959.825 1588639977.935 1588640056.1 1588639961.831 1588639979.938 1588640098.142
slackaware 1588639962.468 1588639980.705 1588639992.802 1588639978.674 1588639990.781 1588640006.873 1588639980.679 1588639992.784 1588640008.875
slackaware 1588639836.91 1588639851.094 1588639861.185 1588639849.065 1588639859.165 1588639871.26 1588639851.073 1588639861.168 1588639873.263
slackaware 1588639841.269 1588639907.793 1588639921.883 1588639905.488 1588639919.864 1588640000.018 1588639907.494 1588639921.867 1588640002.022
slackaware 1588639844.155 1588639858.426 1588639964.841 1588639856.397 1588639960.585 1588640065.008 1588639858.402 1588639962.588 1588640067.014
slackaware 1588639973.343 1588639985.585 1588639995.7 1588639983.557 1588639993.679 1588640003.767 1588639985.562 1588639995.682 1588640005.769
slackaware 1588639847.334 1588639907.589 1588639991.753 1588639905.554 1588639989.729 1588640091.917 1588639907.56 1588639991.732 1588640093.921
slackaware 1588639988.905 1588640105.273 1588640115.349 1588640103.207 1588640113.336 1588640163.442 1588640105.212 1588640115.338 1588640165.444
slackaware 1588639862.021 1588639964.842 1588640061.015 1588639958.261 1588640058.997 1588640181.209 1588639960.266 1588640060.999 1588640183.213
slackaware 1588639862.346 1588639944.612 1588640058.829 1588639942.584 1588640056.798 1588640187.024 1588639944.588 1588640058.8 1588640189.027
slackaware 1588639866.016 1588639938.714 1588640020.88 1588639936.256 1588640018.853 1588640087.982 1588639938.261 1588640020.857 1588640089.984
slackaware 1588639877.812 1588639896.034 1588639910.131 1588639893.996 1588639906.112 1588640000.3 1588639896.002 1588639910.117 1588640002.303
slackaware 1588640059.981 1588640070.197 1588640176.372 1588640068.174 1588640174.354 1588640258.506 1588640070.177 1588640176.357 1588640260.512
slackaware 1588640016.698 1588640030.964 1588640047.054 1588640028.935 1588640045.034 1588640055.123 1588640030.941 1588640047.037 1588640057.125
slackaware 1588639887.139 1588639903.289 1588639915.41 1588639901.26 1588639913.38 1588639927.482 1588639903.265 1588639915.383 1588639929.484
slackaware 1588639892.165 1588639904.381 1588639914.47 1588639902.355 1588639912.451 1588639928.984 1588639904.361 1588639914.454 1588639930.987
slackaware 1588639894.029 1588639986.36 1588640094.55 1588639984.33 1588640092.524 1588640110.618 1588639986.336 1588640094.526 1588640112.621
slackaware 1588640030.717 1588640046.982 1588640143.169 1588640044.945 1588640141.143 1588640151.241 1588640046.95 1588640143.146 1588640155.243
slackaware 1588639895.612 1588639987.917 1588640126.13 1588639985.889 1588640124.109 1588640138.206 1588639987.895 1588640126.112 1588640140.208
slackaware 1588640030.757 1588640045.028 1588640148.931 1588640043.001 1588640143.201 1588640243.106 1588640045.007 1588640145.204 1588640245.109
slackaware 1588639907.321 1588639987.588 1588640091.771 1588639985.56 1588640089.752 1588640213.961 1588639987.565 1588640091.754 1588640215.964
slackaware 1588639911.087 1588639991.388 1588640097.386 1588639989.36 1588640093.557 1588640109.453 1588639991.365 1588640095.559 1588640111.455
slackaware 1588640052.527 1588640058.824 1588640151.021 1588640056.79 1588640148.982 1588640155.094 1588640058.794 1588640150.987 1588640157.096
slackaware 1588639921.137 1588640013.43 1588640141.64 1588640011.401 1588640139.617 1588640149.741 1588640013.407 1588640141.62 1588640151.743
slackaware 1588639922.951 1588640027.254 1588640083.41 1588640025.225 1588640081.38 1588640211.612 1588640027.231 1588640083.382 1588640213.614
slackaware 1588640082.012 1588640178.711 1588640265.345 1588640176.331 1588640262.842 1588640273.422 1588640178.341 1588640264.843 1588640275.425
slackaware 1588640081.864 1588640178.711 1588640198.8 1588640176.235 1588640196.782 1588640210.87 1588640178.239 1588640198.785 1588640214.874
slackaware 1588640082.253 1588640150.148 1588640256.338 1588640144.578 1588640254.315 1588640274.407 1588640146.581 1588640256.319 1588640276.41
slackaware 1588639935.878 1588639948.124 1588640046.763 1588639946.094 1588640044.285 1588640178.969 1588639948.1 1588640046.288 1588640180.973
slackaware 1588639937.112 1588639951.334 1588640048.07 1588639949.305 1588640045.487 1588640104.188 1588639951.311 1588640047.491 1588640106.191
slackaware 1588639938.837 1588640057.192 1588640199.513 1588640055.164 1588640197.397 1588640219.588 1588640057.169 1588640199.399 1588640221.59
slackaware 1588640084.103 1588640176.463 1588640280.847 1588640174.43 1588640278.611 1588640401.019 1588640176.439 1588640280.615 1588640403.022
slackaware 1588640084.079 1588640176.408 1588640304.591 1588640174.39 1588640302.574 1588640324.667 1588640176.394 1588640304.576 1588640326.671
slackaware 1588639950.243 1588640062.595 1588640174.81 1588640060.566 1588640172.77 1588640194.929 1588640062.574 1588640174.773 1588640196.932
slackaware 1588639954.46 1588639968.704 1588640057.099 1588639966.676 1588640054.258 1588640173.276 1588639968.681 1588640056.261 1588640175.28
slackaware 1588639961.922 1588640058.253 1588640212.499 1588640056.224 1588640210.475 1588640234.589 1588640058.23 1588640212.479 1588640236.591
slackaware 1588640105.901 1588640114.184 1588640124.262 1588640112.162 1588640122.243 1588640130.317 1588640114.165 1588640124.246 1588640132.319
slackaware 1588640115.472 1588640125.908 1588640186.265 1588640123.883 1588640184.047 1588640322.468 1588640125.887 1588640186.049 1588640324.472
slackaware 1588640115.485 1588640125.9 1588640200.232 1588640123.872 1588640198.064 1588640296.396 1588640125.877 1588640200.068 1588640298.399
slackaware 1588639967.31 1588640061.635 1588640118.115 1588640059.605 1588640115.76 1588640264.302 1588640061.609 1588640117.763 1588640266.305
slackaware 1588640142.33 1588640279.067 1588640299.165 1588640276.76 1588640297.145 1588640427.357 1588640278.765 1588640299.147 1588640429.359
slackaware 1588639978.406 1588639988.651 1588639996.745 1588639986.624 1588639994.717 1588640002.809 1588639988.629 1588639996.72 1588640004.812
slackaware 1588639981.696 1588639991.979 1588640062.142 1588639989.938 1588640060.122 1588640196.336 1588639991.943 1588640062.126 1588640198.338
slackaware 1588639985.757 1588640092.106 1588640216.314 1588640090.077 1588640214.293 1588640236.392 1588640092.084 1588640216.295 1588640238.395
slackaware 1588640142.344 1588640152.65 1588640160.858 1588640150.619 1588640158.721 1588640293.053 1588640152.624 1588640160.726 1588640295.057
slackaware 1588639995.884 1588640004.123 1588640094.371 1588640002.094 1588640092.296 1588640216.562 1588640004.099 1588640094.3 1588640218.568
slackaware 1588640160.081 1588640170.377 1588640190.485 1588640168.356 1588640188.464 1588640200.552 1588640170.36 1588640190.468 1588640202.554
slackaware 1588640160.865 1588640259.286 1588640372.85 1588640257.261 1588640369.47 1588640386.921 1588640259.267 1588640371.473 1588640388.925
slackaware 1588640160.865 1588640270.301 1588640284.532 1588640268.276 1588640282.371 1588640400.737 1588640270.281 1588640284.375 1588640402.74
slackaware 1588640005.933 1588640016.197 1588640024.29 1588640014.164 1588640022.262 1588640078.404 1588640016.168 1588640024.265 1588640080.407
slackaware 1588640009.384 1588640019.639 1588640029.756 1588640017.608 1588640027.732 1588640033.832 1588640019.613 1588640029.733 1588640035.835
slackaware 1588640012.236 1588640022.479 1588640128.658 1588640020.445 1588640126.642 1588640138.752 1588640022.45 1588640128.646 1588640140.754
slackaware 1588640160.113 1588640268.526 1588640284.614 1588640266.498 1588640282.595 1588640304.691 1588640268.502 1588640284.596 1588640306.695
slackaware 1588640160.086 1588640274.509 1588640300.602 1588640272.477 1588640298.586 1588640316.67 1588640274.483 1588640300.588 1588640318.672
slackaware 1588640021.889 1588640142.262 1588640262.463 1588640140.234 1588640260.439 1588640362.616 1588640142.238 1588640262.441 1588640364.619
slackaware 1588640023.898 1588640094.203 1588640216.391 1588640092.172 1588640214.372 1588640372.609 1588640094.176 1588640216.375 1588640374.611
slackaware 1588640160.102 1588640168.366 1588640178.446 1588640166.332 1588640176.431 1588640192.511 1588640168.338 1588640178.432 1588640194.513
slackaware 1588640188.818 1588640347.308 1588640361.388 1588640345.287 1588640359.37 1588640377.458 1588640347.293 1588640361.372 1588640379.461
slackaware 1588640035.598 1588640045.782 1588640106.157 1588640043.748 1588640103.926 1588640238.352 1588640045.752 1588640105.928 1588640240.357
slackaware 1588640152.562 1588640158.93 1588640169.026 1588640156.894 1588640166.997 1588640187.105 1588640158.899 1588640169.002 1588640189.107
slackaware 1588640038.71 1588640048.983 1588640061.083 1588640046.954 1588640059.053 1588640137.216 1588640048.96 1588640061.057 1588640139.219
slackaware 1588640044.181 1588640054.449 1588640062.56 1588640052.421 1588640060.544 1588640180.745 1588640054.426 1588640062.547 1588640182.749
slackaware 1588640229.529 1588640245.936 1588640272.033 1588640243.907 1588640270.018 1588640404.207 1588640245.913 1588640272.02 1588640406.212
slackaware 1588640229.475 1588640372.149 1588640445.056 1588640369.883 1588640442.282 1588640521.182 1588640371.89 1588640444.284 1588640523.183
slackaware 1588640229.5 1588640347.973 1588640448.144 1588640345.947 1588640446.127 1588640464.206 1588640347.954 1588640448.13 1588640466.209
slackaware 1588640049.892 1588640060.148 1588640066.28 1588640058.105 1588640064.257 1588640186.461 1588640060.11 1588640066.26 1588640216.494
slackaware 1588640055.074 1588640197.461 1588640215.67 1588640195.428 1588640213.553 1588640327.892 1588640197.433 1588640215.555 1588640361.928
slackaware 1588640238.086 1588640348.749 1588640436.932 1588640346.499 1588640434.909 1588640511.064 1588640348.502 1588640436.911 1588640513.066
slackaware 1588640176.483 1588640259.237 1588640367.445 1588640257.208 1588640365.418 1588640459.609 1588640259.212 1588640367.421 1588640461.612
slackaware 1588640176.467 1588640190.813 1588640270.986 1588640188.782 1588640268.959 1588640419.208 1588640190.789 1588640270.964 1588640421.211
slackaware 1588640060.346 1588640134.646 1588640146.743 1588640132.62 1588640144.724 1588640158.824 1588640134.623 1588640146.727 1588640160.829
slackaware 1588640250.685 1588640267.049 1588640287.148 1588640265.023 1588640285.127 1588640307.253 1588640267.03 1588640287.13 1588640309.254
slackaware 1588640065.151 1588640217.544 1588640359.763 1588640215.513 1588640357.741 1588640455.917 1588640217.52 1588640359.745 1588640457.921
slackaware 1588640066.916 1588640195.31 1588640298.323 1588640193.282 1588640295.465 1588640318.405 1588640195.287 1588640297.469 1588640320.408
slackaware 1588640244.991 1588640381.42 1588640407.525 1588640379.39 1588640405.503 1588640421.59 1588640381.396 1588640407.506 1588640423.591
slackaware 1588640238.083 1588640349.617 1588640372.24 1588640347.592 1588640369.725 1588640464.4 1588640349.596 1588640371.727 1588640466.402
slackaware 1588640268.919 1588640409.423 1588640479.56 1588640407.391 1588640477.542 1588640511.639 1588640409.397 1588640479.544 1588640513.642
slackaware 1588640229.655 1588640247.817 1588640267.941 1588640245.779 1588640265.923 1588640282.01 1588640247.786 1588640267.927 1588640284.013
slackaware 1588640250.867 1588640263.167 1588640403.409 1588640261.135 1588640401.387 1588640465.533 1588640263.141 1588640403.39 1588640467.536
slackaware 1588640239.235 1588640253.555 1588640273.662 1588640251.528 1588640271.639 1588640415.867 1588640253.534 1588640273.642 1588640417.872
slackaware 1588640088.685 1588640106.994 1588640219.184 1588640104.965 1588640217.161 1588640349.372 1588640106.969 1588640219.165 1588640351.375
slackaware 1588640088.733 1588640106.849 1588640124.96 1588640104.824 1588640122.933 1588640137.026 1588640106.829 1588640124.935 1588640139.028
slackaware 1588640250.069 1588640268.443 1588640350.612 1588640266.414 1588640348.591 1588640368.689 1588640268.42 1588640350.594 1588640370.692
slackaware 1588640101.692 1588640198.682 1588640322.885 1588640195.965 1588640320.864 1588640395.032 1588640197.969 1588640322.867 1588640397.033
slackaware 1588640271.994 1588640418.473 1588640434.567 1588640416.451 1588640432.547 1588640454.651 1588640418.455 1588640434.551 1588640456.654
slackaware 1588640239.333 1588640251.656 1588640265.745 1588640249.627 1588640263.726 1588640287.821 1588640251.632 1588640265.728 1588640289.824
slackaware 1588640103.677 1588640119.968 1588640134.068 1588640117.947 1588640132.055 1588640146.151 1588640119.95 1588640134.056 1588640148.153
slackaware 1588640239.223 1588640367.674 1588640465.857 1588640365.649 1588640463.832 1588640481.929 1588640367.654 1588640465.834 1588640483.933
slackaware 1588640114.5 1588640124.771 1588640136.861 1588640122.728 1588640134.843 1588640142.924 1588640124.732 1588640136.846 1588640144.926
slackaware 1588640239.329 1588640257.69 1588640287.808 1588640255.66 1588640285.779 1588640301.881 1588640257.665 1588640287.782 1588640303.885
slackaware 1588640116.069 1588640224.371 1588640242.467 1588640222.345 1588640240.448 1588640336.641 1588640224.35 1588640242.451 1588640338.645
slackaware 1588640117.797 1588640134.041 1588640254.25 1588640132.017 1588640252.227 1588640272.325 1588640134.023 1588640254.23 1588640274.33
slackaware 1588640320.743 1588640435.242 1588640459.353 1588640433.217 1588640457.332 1588640473.42 1588640435.222 1588640459.336 1588640475.424
slackaware 1588640129.997 1588640240.364 1588640264.482 1588640238.337 1588640262.457 1588640354.641 1588640240.341 1588640264.46 1588640356.644
slackaware 1588640129.799 1588640220.14 1588640334.819 1588640218.112 1588640332.329 1588640350.897 1588640220.117 1588640334.332 1588640352.903
slackaware 1588640320.578 1588640431.026 1588640443.103 1588640429.003 1588640441.084 1588640511.214 1588640431.007 1588640443.087 1588640537.238
slackaware 1588640138.97 1588640295.36 1588640320.529 1588640293.329 1588640317.473 1588640334.612 1588640295.335 1588640319.478 1588640336.615
slackaware 1588640314.245 1588640340.663 1588640358.76 1588640338.632 1588640356.741 1588640380.843 1588640340.638 1588640358.744 1588640382.845
slackaware 1588640314.345 1588640417.148 1588640435.246 1588640414.825 1588640433.224 1588640459.346 1588640416.83 1588640435.229 1588640461.349
slackaware 1588640335.326 1588640447.559 1588640465.67 1588640445.533 1588640463.649 1588640479.748 1588640447.539 1588640465.652 1588640481.751
slackaware 1588640144.551 1588640261.241 1588640279.347 1588640258.876 1588640277.328 1588640395.528 1588640260.88 1588640279.33 1588640397.532
slackaware 1588640156.493 1588640168.766 1588640180.866 1588640166.738 1588640178.839 1588640196.945 1588640168.743 1588640180.841 1588640198.947
slackaware 1588640334.08 1588640438.652 1588640536.838 1588640436.621 1588640534.818 1588640552.912 1588640438.627 1588640536.821 1588640554.914
slackaware 1588640160.595 1588640265.028 1588640353.199 1588640262.957 1588640351.177 1588640375.29 1588640264.964 1588640353.179 1588640377.298
slackaware 1588640162.181 1588640275.275 1588640295.387 1588640272.465 1588640293.356 1588640385.621 1588640274.472 1588640295.359 1588640387.625
slackaware 1588640164.737 1588640301.1 1588640315.189 1588640299.072 1588640313.169 1588640337.276 1588640301.077 1588640315.172 1588640339.281
slackaware 1588640169.596 1588640183.851 1588640203.344 1588640181.822 1588640201.329 1588640220.481 1588640183.828 1588640203.332 1588640222.484
slackaware 1588640323.143 1588640335.506 1588640349.606 1588640333.475 1588640347.577 1588640437.761 1588640335.48 1588640349.58 1588640439.763
slackaware 1588640170.888 1588640187.218 1588640357.574 1588640185.188 1588640355.442 1588640455.732 1588640187.195 1588640357.446 1588640457.738
slackaware 1588640329.444 1588640357.607 1588640378.366 1588640355.577 1588640375.684 1588640396.448 1588640357.582 1588640377.688 1588640398.452
slackaware 1588640339.801 1588640360.235 1588640380.338 1588640358.203 1588640378.318 1588640402.417 1588640360.21 1588640380.32 1588640404.42
slackaware 1588640176.986 1588640325.394 1588640341.485 1588640323.367 1588640339.465 1588640351.55 1588640325.372 1588640341.469 1588640353.553
slackaware 1588640179.044 1588640299.428 1588640381.589 1588640297.392 1588640379.568 1588640393.672 1588640299.396 1588640381.571 1588640395.679
slackaware 1588640364.496 1588640378.958 1588640395.054 1588640376.926 1588640393.035 1588640411.127 1588640378.934 1588640395.038 1588640413.129
slackaware 1588640354.243 1588640445.233 1588640457.327 1588640442.668 1588640455.306 1588640473.397 1588640444.674 1588640457.31 1588640475.399
slackaware 1588640333.936 1588640414.148 1588640432.245 1588640412.122 1588640430.222 1588640450.311 1588640414.128 1588640432.226 1588640452.318
slackaware 1588640312.59 1588640330.724 1588640442.936 1588640328.695 1588640440.918 1588640545.084 1588640330.697 1588640442.921 1588640547.087
slackaware 1588640359.608 1588640379.873 1588640474.051 1588640377.847 1588640472.029 1588640484.117 1588640379.852 1588640474.033 1588640486.12
slackaware 1588640359.666 1588640388.258 1588640418.367 1588640385.857 1588640416.35 1588640484.499 1588640387.864 1588640418.352 1588640486.503
slackaware 1588640189.554 1588640207.852 1588640227.945 1588640205.832 1588640225.928 1588640354.125 1588640207.836 1588640227.931 1588640356.127
slackaware 1588640359.591 1588640385.883 1588640401.982 1588640383.855 1588640399.963 1588640412.054 1588640385.863 1588640401.966 1588640414.056
slackaware 1588640367.846 1588640391.977 1588640482.144 1588640389.952 1588640480.123 1588640490.205 1588640391.958 1588640482.126 1588640492.207
slackaware 1588640193.685 1588640308.133 1588640324.234 1588640306.041 1588640322.212 1588640338.297 1588640308.048 1588640324.214 1588640340.301
slackaware 1588640410.048 1588640430.193 1588640442.267 1588640428.171 1588640440.248 1588640452.327 1588640430.175 1588640442.25 1588640454.328
slackaware 1588640410.051 1588640480.352 1588640490.429 1588640478.219 1588640488.411 1588640494.506 1588640480.224 1588640490.412 1588640496.509
slackaware 1588640364.5 1588640382.913 1588640405.009 1588640380.883 1588640402.989 1588640475.135 1588640382.888 1588640404.991 1588640477.136
slackaware 1588640204.426 1588640224.72 1588640244.827 1588640222.693 1588640242.805 1588640252.908 1588640224.699 1588640244.809 1588640254.909
slackaware 1588640205.128 1588640227.428 1588640243.526 1588640225.4 1588640241.505 1588640253.597 1588640227.406 1588640243.509 1588640255.601
slackaware 1588640381.364 1588640457.557 1588640473.65 1588640455.527 1588640471.632 1588640509.745 1588640457.533 1588640473.634 1588640511.75
slackaware 1588640208.1 1588640230.397 1588640252.506 1588640228.369 1588640250.478 1588640272.581 1588640230.374 1588640252.483 1588640274.585
slackaware 1588640215.98 1588640322.341 1588640340.442 1588640320.312 1588640338.424 1588640356.517 1588640322.317 1588640340.426 1588640358.521
slackaware 1588640216.456 1588640240.578 1588640254.682 1588640238.556 1588640252.664 1588640274.764 1588640240.561 1588640254.666 1588640276.767
slackaware 1588640380.247 1588640398.38 1588640416.489 1588640396.351 1588640414.467 1588640478.629 1588640398.355 1588640416.47 1588640480.631
slackaware 1588640400.685 1588640416.836 1588640436.941 1588640414.797 1588640434.921 1588640521.101 1588640416.803 1588640436.924 1588640523.104
slackaware 1588640368.849 1588640389.264 1588640473.429 1588640387.236 1588640471.407 1588640503.513 1588640389.241 1588640473.408 1588640505.515
slackaware 1588640420.028 1588640434.432 1588640460.534 1588640432.403 1588640458.514 1588640472.6 1588640434.408 1588640460.517 1588640474.603
slackaware 1588640430.327 1588640452.445 1588640472.549 1588640450.426 1588640470.534 1588640480.606 1588640452.43 1588640472.536 1588640482.607
slackaware 1588640415.83 1588640439.966 1588640456.069 1588640437.943 1588640454.054 1588640468.127 1588640439.948 1588640456.057 1588640470.13
slackaware 1588640233.564 1588640253.868 1588640350.049 1588640251.84 1588640348.031 1588640364.122 1588640253.845 1588640350.033 1588640366.124
slackaware 1588640233.164 1588640259.489 1588640277.58 1588640257.46 1588640275.564 1588640297.664 1588640259.465 1588640277.565 1588640299.667
slackaware 1588640420.824 1588640486.984 1588640493.077 1588640484.958 1588640491.059 1588640497.138 1588640486.961 1588640493.061 1588640499.14
slackaware 1588640234.928 1588640357.639 1588640456.656 1588640355.305 1588640453.796 1588640470.733 1588640357.311 1588640455.799 1588640472.735
slackaware 1588640235.153 1588640263.473 1588640285.559 1588640261.447 1588640283.544 1588640309.636 1588640263.453 1588640285.546 1588640311.638
slackaware 1588640238.919 1588640255.228 1588640275.359 1588640253.197 1588640273.336 1588640291.446 1588640255.203 1588640275.339 1588640293.449
slackaware 1588640395.072 1588640415.218 1588640437.315 1588640413.182 1588640435.295 1588640457.391 1588640415.187 1588640437.296 1588640459.393
slackaware 1588640247.193 1588640275.535 1588640293.635 1588640273.508 1588640291.612 1588640307.705 1588640275.513 1588640293.615 1588640309.707
slackaware 1588640420.77 1588640482.934 1588640493.012 1588640480.911 1588640490.987 1588640497.086 1588640482.915 1588640492.988 1588640499.088
slackaware 1588640428.723 1588640450.869 1588640462.974 1588640448.839 1588640460.954 1588640477.058 1588640450.845 1588640462.957 1588640479.062
slackaware 1588640251.267 1588640357.656 1588640455.848 1588640355.628 1588640453.825 1588640470.732 1588640357.633 1588640455.829 1588640472.737
slackaware 1588640256.66 1588640268.791 1588640367.095 1588640266.754 1588640364.944 1588640383.165 1588640268.759 1588640366.946 1588640385.167
slackaware 1588640260.83 1588640285.134 1588640305.227 1588640283.105 1588640303.205 1588640315.296 1588640285.111 1588640305.208 1588640317.297
slackaware 1588640261.043 1588640357.446 1588640437.84 1588640355.385 1588640431.58 1588640451.908 1588640357.392 1588640433.583 1588640453.911
slackaware 1588640262.972 1588640285.654 1588640313.752 1588640283.629 1588640311.732 1588640331.824 1588640285.633 1588640313.734 1588640333.827
slackaware 1588640263.361 1588640360.19 1588640442.35 1588640357.54 1588640440.33 1588640456.429 1588640359.545 1588640442.332 1588640458.433
slackaware 1588640434.191 1588640456.344 1588640476.446 1588640454.311 1588640474.424 1588640484.51 1588640456.317 1588640476.427 1588640486.512
slackaware 1588640435.51 1588640455.641 1588640469.736 1588640453.615 1588640467.714 1588640481.805 1588640455.621 1588640469.717 1588640483.807
