1588616139.834734,[1, 1, 0],[0]
1588616150.369937,[7, 7, 6],[18]
1588616161.0697815,[8, 7, 11],[23]
1588616171.5964615,[9, 7, 11],[23]
1588616182.1384501,[9, 7, 12],[23]
1588616192.6908681,[9, 8, 12],[23]
1588616203.2451,[9, 8, 12],[23]
1588616213.988119,[9, 8, 12],[23]
1588616224.5433369,[9, 8, 12],[23]
1588616235.1028128,[9, 9, 12],[23]
1588616245.6354322,[9, 9, 12],[23]
1588616256.1857152,[9, 9, 12],[23]
1588616266.7471507,[9, 10, 12],[23]
1588616277.5311353,[9, 10, 13],[23]
1588616288.0940366,[9, 10, 13],[23]
1588616298.6572313,[10, 10, 13],[23]
1588616309.2079134,[11, 10, 13],[23]
1588616319.7756958,[11, 10, 13],[23]
1588616330.319139,[11, 10, 13],[23]
1588616340.8742707,[11, 10, 13],[23]
1588616351.6906219,[11, 10, 13],[23]
1588616362.2432852,[12, 10, 13],[23]
1588616372.8076236,[12, 10, 14],[23]
1588616383.3651211,[13, 10, 14],[23]
1588616393.9227219,[13, 10, 14],[23]
1588616404.496225,[13, 11, 15],[23]
1588616415.0922523,[13, 11, 15],[23]
1588616425.9196694,[13, 11, 15],[23]
1588616436.4804034,[13, 11, 15],[23]
1588616447.0344648,[13, 11, 15],[23]
1588616457.7167242,[13, 11, 15],[23]
1588616468.302644,[13, 11, 15],[23]
1588616478.8965614,[13, 12, 15],[23]
1588616489.4792943,[13, 12, 15],[23]
1588616500.0629737,[13, 12, 15],[23]
1588616510.6405942,[13, 12, 15],[23]
1588616521.5152192,[13, 12, 15],[23]
1588616532.108362,[13, 12, 15],[23]
1588616542.6783962,[14, 12, 15],[23]
1588616553.236718,[14, 12, 15],[23]
1588616563.8055768,[14, 12, 16],[23]
1588616574.3870528,[14, 12, 16],[23]
1588616584.9325113,[14, 12, 16],[23]
1588616595.5135396,[15, 12, 16],[23]
1588616606.1006994,[15, 12, 16],[23]
1588616616.9997773,[15, 12, 16],[23]
1588616627.5697203,[15, 12, 16],[23]
1588616638.1444876,[15, 12, 16],[23]
1588616648.7216663,[15, 12, 16],[23]
1588616659.283587,[15, 12, 16],[23]
1588616669.8672805,[16, 12, 16],[23]
1588616680.449566,[16, 12, 16],[23]
1588616691.0343385,[16, 12, 16],[23]
1588616701.6563318,[16, 12, 16],[23]
1588616712.2303514,[17, 12, 16],[23]
1588616722.8098485,[17, 13, 16],[23]
1588616733.7801244,[17, 13, 16],[23]
1588616744.3596408,[17, 13, 16],[23]
1588616754.9767156,[17, 13, 16],[23]
1588616765.5801857,[18, 13, 16],[23]
1588616776.1581092,[18, 13, 16],[23]
1588616786.7578692,[18, 14, 17],[23]
1588616797.346113,[18, 14, 17],[23]
1588616807.9306622,[18, 14, 17],[23]
1588616818.5212858,[18, 14, 17],[23]
1588616829.1197588,[18, 14, 17],[23]
1588616839.7569864,[18, 14, 17],[23]
1588616850.3377085,[18, 14, 17],[23]
1588616861.371191,[18, 14, 17],[23]
1588616871.9690292,[18, 14, 18],[23]
1588616882.5506272,[18, 14, 18],[23]
1588616893.131185,[18, 14, 18],[23]
1588616903.7283664,[18, 14, 19],[23]
1588616914.3140314,[18, 14, 19],[23]
1588616924.9116216,[18, 14, 19],[23]
1588616935.5100954,[18, 14, 19],[23]
1588616946.1003537,[18, 15, 19],[23]
1588616956.683827,[18, 15, 19],[23]
1588616967.2677257,[18, 15, 19],[23]
1588616977.8633416,[18, 15, 19],[23]
1588616988.4363647,[18, 15, 19],[23]
1588616999.0174215,[18, 15, 19],[23]
1588617010.0564091,[18, 15, 19],[23]
1588617020.6725113,[18, 15, 19],[23]
1588617031.2692711,[18, 15, 19],[23]
1588617041.8863194,[18, 15, 19],[23]
1588617052.494348,[18, 15, 19],[23]
1588617063.1042042,[18, 15, 19],[23]
1588617073.718625,[18, 15, 19],[23]
1588617084.3183615,[18, 15, 19],[23]
1588617094.917574,[18, 15, 19],[23]
1588617105.513776,[18, 15, 19],[23]
1588617116.1154532,[18, 15, 19],[23]
1588617126.7362752,[18, 15, 19],[23]
1588617137.3605945,[18, 15, 19],[23]
1588617147.9789276,[18, 15, 19],[23]
1588617159.1004155,[18, 15, 19],[23]
1588617169.7450867,[18, 15, 19],[23]
1588617180.372356,[18, 15, 19],[23]
1588617190.9899378,[18, 15, 19],[23]
1588617201.5988972,[18, 15, 19],[23]
1588617212.223928,[18, 15, 19],[23]
1588617222.8535388,[18, 15, 19],[23]
1588617233.4802463,[18, 15, 19],[23]
1588617244.1202912,[18, 15, 19],[23]
1588617254.7568948,[18, 15, 19],[23]
1588617265.3885221,[18, 15, 19],[23]
1588617276.0297663,[18, 15, 19],[23]
1588617286.665598,[18, 15, 19],[23]
1588617298.255511,[18, 15, 19],[23]
1588635105.3188555,[1, 1, 0],[0]
1588635115.8490734,[7, 7, 6],[18]
1588635218.7799609,[9, 9, 12],[23]
1588635229.31627,[9, 9, 13],[23]
1588635239.9869683,[9, 9, 13],[23]
1588635250.5369394,[9, 9, 13],[23]
1588635261.0665967,[10, 9, 13],[23]
1588635271.617125,[10, 9, 13],[23]
1588635282.163402,[10, 9, 14],[23]
1588635292.883253,[11, 9, 14],[23]
1588635303.4659762,[11, 9, 14],[23]
1588635314.0030892,[11, 9, 14],[23]
1588635324.5326905,[11, 9, 14],[23]
1588635335.0868275,[11, 9, 14],[23]
1588635345.6384308,[11, 9, 14],[23]
1588635356.3834975,[12, 10, 14],[23]
1588635366.923771,[12, 10, 14],[23]
1588635377.46443,[12, 11, 14],[23]
1588635388.0132742,[12, 11, 14],[23]
1588635398.5455196,[13, 11, 14],[23]
1588635409.0893006,[13, 11, 15],[23]
1588635419.6340785,[13, 11, 15],[23]
1588635430.4215136,[13, 11, 15],[23]
1588635440.972512,[14, 11, 15],[23]
1588635451.5151203,[14, 12, 15],[23]
1588635462.062492,[15, 12, 15],[23]
1588635472.6020298,[15, 12, 15],[23]
1588635483.1497035,[15, 12, 15],[23]
1588635493.8906894,[15, 12, 15],[23]
1588635504.714926,[15, 12, 15],[23]
1588635515.2686996,[15, 12, 16],[23]
1588635525.8223379,[15, 12, 16],[23]
1588635536.3679707,[15, 12, 16],[23]
1588635546.9203887,[16, 12, 16],[23]
1588635557.4929557,[16, 12, 16],[23]
1588635568.05428,[16, 12, 16],[23]
1588635578.6112504,[16, 12, 16],[23]
1588635589.206747,[16, 12, 16],[23]
1588635600.0756266,[16, 12, 16],[23]
1588635610.6252167,[16, 12, 17],[23]
1588635621.1904025,[16, 12, 17],[23]
1588635631.751283,[16, 12, 17],[23]
1588635642.3516724,[17, 12, 17],[23]
1588635652.9086392,[17, 12, 17],[23]
1588635663.4784763,[17, 12, 17],[23]
1588635674.0790465,[17, 12, 17],[23]
1588635684.6484108,[17, 12, 17],[23]
1588635695.51868,[17, 12, 17],[23]
1588635706.0818486,[17, 12, 17],[23]
1588635716.6397882,[17, 12, 17],[23]
1588635727.2038789,[17, 13, 17],[23]
1588635737.765403,[17, 13, 17],[23]
1588635748.3174863,[17, 13, 17],[23]
1588635758.9099405,[17, 13, 17],[23]
1588635769.458154,[17, 13, 17],[23]
1588635780.1088865,[17, 13, 17],[23]
1588635790.7234924,[17, 13, 17],[23]
1588635801.297413,[17, 13, 17],[23]
1588635812.24806,[17, 13, 17],[23]
1588635822.8190522,[17, 13, 17],[23]
1588635833.3993025,[17, 13, 17],[23]
1588635844.0004435,[17, 13, 17],[23]
1588635854.5800254,[17, 13, 17],[23]
1588635865.1540658,[17, 13, 17],[23]
1588635875.7673957,[17, 13, 17],[23]
1588635886.3285737,[17, 13, 17],[23]
1588635896.8923936,[17, 13, 17],[23]
1588635907.4552515,[17, 13, 17],[23]
1588635918.1257133,[17, 13, 17],[23]
1588635928.7261949,[17, 13, 17],[23]
1588635939.773168,[17, 13, 17],[23]
1588635950.3505676,[17, 13, 17],[23]
1588635960.9289253,[17, 13, 17],[23]
1588635971.5040867,[17, 13, 17],[23]
1588635982.0783534,[17, 13, 17],[23]
1588635992.6416357,[17, 13, 17],[23]
1588636003.246359,[17, 13, 17],[23]
1588636013.8746426,[17, 13, 17],[23]
1588636024.4821215,[17, 13, 17],[23]
1588636035.072129,[17, 13, 17],[23]
1588636045.6584084,[17, 13, 17],[23]
1588636056.2400076,[17, 13, 17],[23]
1588636066.820345,[17, 13, 17],[23]
1588636077.4054244,[17, 13, 17],[23]
1588636088.4708006,[17, 13, 17],[23]
1588636099.0539954,[17, 13, 17],[23]
1588636109.6971965,[17, 13, 17],[23]
1588636120.2947197,[17, 13, 17],[23]
1588636130.8907535,[17, 13, 17],[23]
1588636141.483635,[17, 13, 17],[23]
1588636152.1122441,[17, 13, 17],[23]
1588636162.7061918,[17, 13, 17],[23]
1588636173.300728,[17, 13, 17],[23]
1588636183.9025803,[17, 13, 17],[23]
1588636194.5038602,[17, 13, 17],[23]
1588636205.0975144,[17, 13, 17],[23]
1588636215.7435155,[17, 13, 17],[23]
1588636226.3831594,[17, 13, 17],[23]
1588636236.998044,[17, 13, 17],[23]
1588636248.1427827,[17, 13, 17],[23]
1588636258.7944596,[17, 13, 17],[23]
1588636269.4044285,[17, 13, 17],[23]
1588636280.0032444,[17, 13, 17],[23]
1588636290.6506245,[17, 13, 17],[23]
1588636301.3037174,[17, 13, 17],[23]
1588636311.9147213,[17, 13, 17],[23]
1588636323.1028829,[11, 7, 11],[5]
1588636333.8814616,[11, 7, 6],[0]
1588636344.4821258,[11, 7, 6],[0]
1588636355.0849602,[11, 7, 6],[0]
1588636365.7420347,[11, 7, 6],[0]
1588636376.474629,[11, 7, 6],[0]
1588636387.143362,[11, 7, 6],[0]
1588636397.7714446,[11, 7, 6],[0]
1588636408.375413,[11, 7, 6],[0]
1588636419.041424,[11, 7, 6],[0]
1588636430.2581294,[11, 7, 6],[0]
1588636440.8650458,[11, 7, 6],[0]
1588636451.5377922,[11, 7, 6],[0]
1588636462.217906,[11, 7, 6],[0]
1588636472.8379965,[11, 7, 6],[0]
1588636483.5034099,[11, 7, 6],[0]
1588636494.178134,[11, 7, 6],[0]
1588636504.82418,[11, 7, 6],[0]
1588636515.4402254,[11, 7, 6],[0]
1588636526.086761,[11, 7, 6],[0]
1588636536.7197855,[11, 7, 6],[0]
1588636547.3284874,[11, 7, 6],[0]
1588636557.959559,[11, 7, 6],[0]
1588636568.6429846,[11, 7, 6],[0]
1588636579.2632985,[11, 7, 6],[0]
1588636589.8911128,[11, 7, 6],[0]
1588636600.5216215,[11, 7, 6],[0]
1588636611.166958,[11, 7, 6],[0]
1588636622.4884915,[11, 7, 6],[0]
1588636633.1171448,[11, 7, 6],[0]
1588636643.8106887,[11, 7, 6],[0]
1588636654.513226,[11, 7, 6],[0]
1588636665.1401994,[11, 7, 6],[0]
1588636675.7793746,[11, 7, 6],[0]
1588636686.4736805,[11, 7, 6],[0]
1588636697.1774023,[11, 7, 6],[0]
1588636707.8140767,[11, 7, 6],[0]
1588636718.4568784,[11, 7, 6],[0]
1588636729.237526,[11, 7, 6],[0]
1588636739.8680465,[11, 7, 6],[0]
1588636750.4908202,[11, 7, 6],[0]
1588636761.1381018,[11, 7, 6],[0]
