slackprediction 1588640840.725 1588640852.857 1588640868.977 1588640850.818 1588640866.945 1588640879.135 1588640852.824 1588640868.95 1588640881.137
slackprediction 1588640932.194 1588640938.331 1588640948.432 1588640936.293 1588640946.397 1588640982.533 1588640938.3 1588640948.402 1588640984.536
slackprediction 1588640855.194 1588640895.355 1588640905.439 1588640893.325 1588640903.414 1588640953.559 1588640895.332 1588640905.415 1588640955.561
slackprediction 1588640866.588 1588640892.723 1588640962.883 1588640890.685 1588640960.853 1588641061.08 1588640892.69 1588640962.858 1588641063.083
slackprediction 1588640970.599 1588640980.738 1588640988.82 1588640978.704 1588640986.797 1588641030.915 1588640980.708 1588640988.798 1588641032.919
slackprediction 1588640868.107 1588640904.275 1588640918.383 1588640902.237 1588640916.348 1588640976.509 1588640904.244 1588640918.353 1588640978.515
slackprediction 1588640870.252 1588640880.374 1588640916.498 1588640878.344 1588640914.465 1588640984.628 1588640880.348 1588640916.474 1588640986.631
slackprediction 1588640982.773 1588641125.067 1588641139.158 1588641123.034 1588641137.136 1588641151.244 1588641125.041 1588641139.139 1588641153.247
slackprediction 1588640980.971 1588641125.223 1588641275.465 1588641123.196 1588641273.446 1588641291.541 1588641125.201 1588641275.449 1588641293.544
slackprediction 1588640988.678 1588641088.902 1588641167.123 1588641086.868 1588641165.049 1588641183.225 1588641088.873 1588641167.05 1588641185.228
slackprediction 1588640990.531 1588641002.687 1588641008.761 1588641000.658 1588641006.745 1588641016.827 1588641002.661 1588641008.748 1588641018.83
slackprediction 1588640885.863 1588640938.039 1588641006.2 1588640936.009 1588641004.176 1588641016.268 1588640938.015 1588641006.179 1588641018.27
slackprediction 1588640990.519 1588641000.652 1588641058.78 1588640998.63 1588641056.755 1588641144.915 1588641000.634 1588641058.76 1588641146.919
slackprediction 1588640998.515 1588641058.708 1588641068.792 1588641056.679 1588641066.776 1588641072.855 1588641058.686 1588641068.777 1588641074.858
slackprediction 1588641090.096 1588641212.313 1588641296.451 1588641210.295 1588641294.435 1588641460.669 1588641212.298 1588641296.438 1588641462.671
slackprediction 1588641044.333 1588641050.466 1588641060.658 1588641048.432 1588641058.557 1588641066.771 1588641050.436 1588641060.56 1588641068.773
slackprediction 1588640902.343 1588640910.437 1588640920.517 1588640908.421 1588640918.495 1588640924.574 1588640910.423 1588640920.497 1588640926.578
slackprediction 1588640903.894 1588640954.093 1588641066.394 1588640952.061 1588641064.366 1588641084.472 1588640954.065 1588641066.373 1588641086.475
slackprediction 1588640915.939 1588641026.367 1588641045.183 1588641020.13 1588641042.455 1588641147.345 1588641022.137 1588641044.459 1588641149.347
slackprediction 1588640917.39 1588640927.519 1588640937.611 1588640925.492 1588640935.587 1588640941.677 1588640927.499 1588640937.591 1588640943.679
slackprediction 1588641090.098 1588641182.333 1588641200.432 1588641180.306 1588641198.414 1588641218.507 1588641182.309 1588641200.416 1588641220.51
slackprediction 1588641078.876 1588641095.022 1588641105.097 1588641092.994 1588641103.083 1588641189.227 1588641094.997 1588641105.085 1588641191.228
slackprediction 1588641047.018 1588641145.242 1588641261.449 1588641143.213 1588641259.426 1588641335.588 1588641145.218 1588641261.43 1588641337.59
slackprediction 1588640924.266 1588640936.805 1588641045.016 1588640934.38 1588641042.997 1588641147.176 1588640936.388 1588641045.001 1588641149.178
slackprediction 1588640937.627 1588641045.859 1588641062.233 1588641043.825 1588641059.94 1588641077.392 1588641045.836 1588641061.943 1588641079.398
slackprediction 1588640939.519 1588640998.087 1588641008.195 1588640995.661 1588641006.169 1588641020.269 1588640997.666 1588641008.17 1588641022.273
slackprediction 1588641116.303 1588641132.444 1588641246.834 1588641130.416 1588641244.611 1588641264.899 1588641132.42 1588641246.615 1588641266.902
slackprediction 1588640951.366 1588640957.489 1588641031.64 1588640955.458 1588641029.618 1588641043.713 1588640957.463 1588641031.622 1588641045.717
slackprediction 1588640951.05 1588641017.249 1588641029.339 1588641015.213 1588641027.319 1588641041.424 1588641017.222 1588641029.323 1588641043.426
slackprediction 1588640952.78 1588641038.991 1588641129.174 1588641036.949 1588641127.149 1588641141.241 1588641038.955 1588641129.153 1588641143.244
slackprediction 1588640956.829 1588641015.72 1588641029.804 1588641012.977 1588641027.784 1588641045.876 1588641014.982 1588641029.786 1588641047.88
slackprediction 1588641110.358 1588641122.495 1588641258.723 1588641120.466 1588641256.701 1588641336.869 1588641122.471 1588641258.704 1588641338.871
slackprediction 1588641164.571 1588641180.687 1588641200.775 1588641178.667 1588641198.755 1588641214.843 1588641180.67 1588641200.758 1588641216.844
slackprediction 1588641119.674 1588641136.261 1588641150.349 1588641134.221 1588641148.328 1588641256.517 1588641136.227 1588641150.331 1588641258.52
slackprediction 1588640986.591 1588640994.73 1588641006.837 1588640992.701 1588641004.815 1588641016.906 1588640994.706 1588641006.817 1588641018.909
slackprediction 1588641118.436 1588641204.899 1588641283.062 1588641200.622 1588641281.041 1588641309.141 1588641202.627 1588641283.043 1588641311.144
slackprediction 1588640990.015 1588640998.398 1588641077.796 1588640996.369 1588641074.524 1588641091.879 1588640998.375 1588641076.527 1588641093.883
slackprediction 1588641138.045 1588641150.168 1588641238.348 1588641148.146 1588641236.313 1588641292.465 1588641150.15 1588641238.319 1588641294.467
slackprediction 1588641131.732 1588641149.861 1588641169.956 1588641147.839 1588641167.937 1588641312.163 1588641149.842 1588641169.94 1588641314.167
slackprediction 1588640993.3 1588641003.443 1588641013.54 1588641001.416 1588641011.51 1588641099.702 1588641003.421 1588641013.513 1588641101.704
slackprediction 1588641005.172 1588641089.361 1588641109.45 1588641087.325 1588641107.433 1588641209.601 1588641089.331 1588641109.436 1588641211.604
slackprediction 1588641007.475 1588641083.677 1588641109.788 1588641081.62 1588641107.764 1588641127.856 1588641083.625 1588641109.767 1588641129.86
slackprediction 1588641014.846 1588641030.975 1588641047.088 1588641028.944 1588641045.065 1588641063.162 1588641030.949 1588641047.068 1588641065.166
slackprediction 1588641178.348 1588641246.513 1588641254.592 1588641244.491 1588641252.574 1588641272.663 1588641246.496 1588641254.576 1588641274.664
slackprediction 1588641161.827 1588641179.971 1588641194.059 1588641177.948 1588641192.039 1588641216.155 1588641179.951 1588641194.042 1588641218.159
slackprediction 1588641034.925 1588641153.488 1588641169.607 1588641151.46 1588641167.566 1588641255.808 1588641153.465 1588641169.57 1588641257.81
slackprediction 1588641037.456 1588641151.911 1588641164.055 1588641149.657 1588641162.028 1588641264.208 1588641151.663 1588641164.031 1588641266.211
slackprediction 1588641047.25 1588641063.392 1588641083.517 1588641060.353 1588641077.493 1588641191.687 1588641062.36 1588641083.501 1588641193.69
slackprediction 1588641048.361 1588641128.567 1588641228.756 1588641126.537 1588641226.732 1588641356.957 1588641128.543 1588641228.734 1588641358.96
slackprediction 1588641196.339 1588641212.484 1588641294.66 1588641210.444 1588641292.635 1588641392.811 1588641212.45 1588641294.639 1588641394.813
slackprediction 1588641049.228 1588641129.533 1588641149.625 1588641127.384 1588641147.605 1588641163.696 1588641129.39 1588641149.609 1588641165.697
slackprediction 1588641054.542 1588641076.676 1588641088.769 1588641074.637 1588641086.75 1588641104.853 1588641076.642 1588641088.753 1588641106.856
slackprediction 1588641066.246 1588641186.494 1588641298.687 1588641184.453 1588641296.664 1588641488.929 1588641186.458 1588641298.666 1588641490.933
slackprediction 1588641243.777 1588641253.893 1588641275.995 1588641251.868 1588641273.97 1588641290.059 1588641253.872 1588641275.973 1588641292.062
slackprediction 1588641073.214 1588641209.471 1588641223.582 1588641207.433 1588641221.563 1588641359.79 1588641209.439 1588641223.566 1588641361.793
slackprediction 1588641075.413 1588641095.552 1588641111.644 1588641093.524 1588641109.625 1588641133.731 1588641095.53 1588641111.627 1588641135.734
slackprediction 1588641215.093 1588641285.383 1588641307.494 1588641283.251 1588641305.477 1588641321.564 1588641285.258 1588641307.478 1588641323.566
slackprediction 1588641080.79 1588641096.928 1588641189.095 1588641094.899 1588641187.074 1588641205.184 1588641096.905 1588641189.078 1588641207.187
slackprediction 1588641243.681 1588641313.832 1588641436.017 1588641311.814 1588641434.002 1588641602.258 1588641313.818 1588641436.003 1588641604.26
slackprediction 1588641237.803 1588641310.01 1588641404.188 1588641307.982 1588641402.167 1588641556.429 1588641309.987 1588641404.17 1588641558.432
slackprediction 1588641094.354 1588641114.51 1588641132.618 1588641112.482 1588641130.597 1588641152.689 1588641114.488 1588641132.603 1588641154.693
slackprediction 1588641237.836 1588641251.979 1588641328.176 1588641249.949 1588641326.113 1588641488.415 1588641251.954 1588641328.116 1588641490.417
slackprediction 1588641102.606 1588641215.002 1588641237.102 1588641212.964 1588641235.081 1588641255.184 1588641214.968 1588641237.085 1588641257.186
slackprediction 1588641106.443 1588641124.662 1588641144.754 1588641122.554 1588641142.737 1588641164.844 1588641124.558 1588641144.739 1588641166.847
slackprediction 1588641259.795 1588641271.937 1588641363.592 1588641269.904 1588641360.09 1588641374.777 1588641271.911 1588641362.093 1588641376.78
slackprediction 1588641243.784 1588641261.93 1588641322.062 1588641259.9 1588641320.044 1588641488.279 1588641261.904 1588641322.046 1588641490.283
slackprediction 1588641257.346 1588641409.658 1588641425.768 1588641407.629 1588641423.743 1588641435.843 1588641409.635 1588641425.745 1588641437.846
slackprediction 1588641110.747 1588641229.028 1588641325.22 1588641226.999 1588641323.199 1588641469.424 1588641229.004 1588641325.202 1588641471.426
slackprediction 1588641119.634 1588641211.844 1588641231.939 1588641209.816 1588641229.924 1588641250.021 1588641211.82 1588641231.927 1588641252.025
slackprediction 1588641118.02 1588641139.086 1588641219.276 1588641136.997 1588641217.248 1588641357.484 1588641139.003 1588641219.25 1588641359.486
slackprediction 1588641288.837 1588641304.964 1588641427.299 1588641302.938 1588641425.127 1588641445.386 1588641304.941 1588641427.132 1588641447.388
slackprediction 1588641124.035 1588641144.726 1588641242.143 1588641142.697 1588641238.876 1588641254.228 1588641144.703 1588641240.878 1588641256.231
slackprediction 1588641127.965 1588641240.194 1588641382.417 1588641238.165 1588641380.398 1588641516.629 1588641240.171 1588641382.401 1588641518.632
slackprediction 1588641137.33 1588641155.503 1588641173.602 1588641153.471 1588641171.583 1588641191.679 1588641155.476 1588641173.586 1588641193.682
slackprediction 1588641281.661 1588641309.813 1588641327.93 1588641307.785 1588641325.898 1588641346.035 1588641309.79 1588641327.902 1588641348.036
slackprediction 1588641141.017 1588641153.143 1588641165.261 1588641151.119 1588641163.229 1588641179.337 1588641153.122 1588641165.232 1588641181.341
slackprediction 1588641275.598 1588641289.713 1588641381.866 1588641287.691 1588641379.854 1588641568.122 1588641289.695 1588641381.855 1588641570.123
slackprediction 1588641311.253 1588641333.391 1588641355.498 1588641331.36 1588641353.478 1588641481.686 1588641333.366 1588641355.481 1588641483.688
slackprediction 1588641142.821 1588641215.058 1588641233.157 1588641213.03 1588641231.141 1588641419.404 1588641215.036 1588641233.144 1588641421.407
slackprediction 1588641141.049 1588641217.245 1588641237.352 1588641215.22 1588641235.333 1588641259.428 1588641217.225 1588641237.336 1588641261.429
slackprediction 1588641142.563 1588641158.715 1588641256.905 1588641156.685 1588641254.881 1588641272.985 1588641158.691 1588641256.887 1588641274.987
slackprediction 1588641283.695 1588641293.831 1588641442.092 1588641291.803 1588641440.064 1588641456.175 1588641293.807 1588641442.07 1588641458.178
slackprediction 1588641151.943 1588641224.158 1588641252.266 1588641222.128 1588641250.249 1588641406.476 1588641224.134 1588641252.253 1588641408.479
slackprediction 1588641151.948 1588641252.185 1588641274.289 1588641250.156 1588641272.269 1588641288.363 1588641252.164 1588641274.272 1588641290.367
slackprediction 1588641287.809 1588641382.037 1588641400.149 1588641380.001 1588641398.131 1588641420.233 1588641382.007 1588641400.134 1588641422.236
slackprediction 1588641155.301 1588641231.489 1588641381.803 1588641229.461 1588641379.784 1588641562.036 1588641231.467 1588641381.787 1588641564.039
slackprediction 1588641157.288 1588641171.405 1588641313.781 1588641169.385 1588641311.6 1588641518.045 1588641171.389 1588641313.604 1588641520.047
slackprediction 1588641301.43 1588641433.67 1588641447.753 1588641431.635 1588641445.738 1588641461.823 1588641433.638 1588641447.74 1588641463.827
slackprediction 1588641161.376 1588641233.57 1588641361.776 1588641231.547 1588641359.746 1588641517.992 1588641233.553 1588641361.75 1588641519.993
slackprediction 1588641297.1 1588641317.253 1588641339.353 1588641315.219 1588641337.335 1588641353.428 1588641317.224 1588641339.338 1588641355.429
slackprediction 1588641164.28 1588641298.878 1588641313.026 1588641296.5 1588641310.96 1588641333.54 1588641298.506 1588641312.962 1588641335.543
slackprediction 1588641167.068 1588641183.227 1588641199.656 1588641181.196 1588641197.306 1588641321.848 1588641183.203 1588641199.312 1588641323.851
slackprediction 1588641167.694 1588641247.893 1588641430.167 1588641245.863 1588641428.145 1588641580.379 1588641247.869 1588641430.149 1588641582.381
slackprediction 1588641329.552 1588641355.702 1588641369.813 1588641353.677 1588641367.787 1588641381.885 1588641355.681 1588641369.79 1588641383.889
slackprediction 1588641171.778 1588641189.928 1588641298.371 1588641187.892 1588641296.108 1588641312.44 1588641189.897 1588641298.111 1588641314.443
slackprediction 1588641173.389 1588641193.517 1588641215.617 1588641191.485 1588641213.597 1588641327.783 1588641193.493 1588641215.601 1588641329.789
slackprediction 1588641187.91 1588641328.64 1588641350.751 1588641326.144 1588641348.725 1588641477.592 1588641328.149 1588641350.729 1588641479.595
slackprediction 1588641335.374 1588641351.517 1588641488.051 1588641349.491 1588641485.717 1588641498.125 1588641351.495 1588641487.721 1588641500.127
slackprediction 1588641188.144 1588641278.633 1588641294.729 1588641276.32 1588641292.709 1588641318.002 1588641278.326 1588641294.712 1588641320.007
slackprediction 1588641336.875 1588641523.971 1588641534.048 1588641521.162 1588641532.033 1588641546.114 1588641523.165 1588641534.035 1588641548.116
slackprediction 1588641191.463 1588641211.604 1588641383.864 1588641209.576 1588641381.841 1588641516.061 1588641211.581 1588641383.845 1588641518.064
slackprediction 1588641191.125 1588641283.34 1588641295.928 1588641281.305 1588641292.54 1588641316.024 1588641283.31 1588641294.543 1588641318.027
slackprediction 1588641348.592 1588641513.506 1588641599.099 1588641510.886 1588641595.676 1588641675.245 1588641512.893 1588641597.679 1588641677.247
slackprediction 1588641201.845 1588641221.981 1588641362.224 1588641219.941 1588641360.204 1588641490.41 1588641221.948 1588641362.206 1588641492.413
slackprediction 1588641356.652 1588641372.795 1588641577.115 1588641370.765 1588641575.089 1588641585.188 1588641372.77 1588641577.094 1588641587.19
slackprediction 1588641322.243 1588641510.553 1588641518.653 1588641508.523 1588641516.631 1588641522.715 1588641510.53 1588641518.634 1588641524.718
slackprediction 1588641206.99 1588641225.12 1588641245.226 1588641223.094 1588641243.206 1588641267.309 1588641225.097 1588641245.209 1588641269.311
slackprediction 1588641209.415 1588641231.585 1588641255.752 1588641229.537 1588641253.721 1588641271.848 1588641231.545 1588641255.724 1588641273.85
slackprediction 1588641373.106 1588641490.194 1588641504.383 1588641487.32 1588641502.357 1588641516.448 1588641489.325 1588641504.361 1588641518.451
slackprediction 1588641214.608 1588641302.805 1588641314.913 1588641300.776 1588641312.885 1588641471.141 1588641302.781 1588641314.887 1588641473.144
slackprediction 1588641220.712 1588641238.864 1588641256.96 1588641236.836 1588641254.94 1588641271.04 1588641238.841 1588641256.942 1588641273.043
slackprediction 1588641383.51 1588641399.644 1588641419.742 1588641397.615 1588641417.723 1588641579.95 1588641399.621 1588641419.727 1588641581.954
slackprediction 1588641407.209 1588641427.781 1588641604.563 1588641425.319 1588641602.025 1588641676.701 1588641427.324 1588641604.028 1588641678.706
slackprediction 1588641398.913 1588641417.06 1588641576.042 1588641415.029 1588641573.289 1588641588.117 1588641417.034 1588641575.294 1588641590.121
slackprediction 1588641407.401 1588641601.732 1588641713.931 1588641599.704 1588641711.909 1588641730.03 1588641601.71 1588641713.913 1588641732.032
slackprediction 1588641438.543 1588641454.713 1588641472.829 1588641452.676 1588641470.794 1588641482.908 1588641454.681 1588641472.799 1588641484.91
slackprediction 1588641233.141 1588641253.296 1588641442.769 1588641251.269 1588641439.557 1588641556.942 1588641253.273 1588641441.56 1588641558.947
slackprediction 1588641383.5 1588641401.642 1588641415.732 1588641399.614 1588641413.718 1588641439.819 1588641401.62 1588641415.72 1588641441.822
slackprediction 1588641407.988 1588641522.241 1588641532.331 1588641520.201 1588641530.312 1588641544.397 1588641522.206 1588641532.313 1588641546.4
slackprediction 1588641245.498 1588641327.714 1588641476.081 1588641325.677 1588641473.933 1588641484.149 1588641327.684 1588641475.936 1588641486.151
slackprediction 1588641245.687 1588641383.911 1588641518.171 1588641381.885 1588641516.137 1588641598.311 1588641383.89 1588641518.139 1588641600.314
slackprediction 1588641414.453 1588641566.026 1588641578.132 1588641562.706 1588641576.111 1588641656.279 1588641564.71 1588641578.116 1588641658.281
slackprediction 1588641260.607 1588641422.931 1588641435.019 1588641420.857 1588641433 1588641519.153 1588641422.862 1588641435.002 1588641521.157
slackprediction 1588641476.515 1588641660.841 1588641668.97 1588641658.817 1588641666.946 1588641727.091 1588641660.822 1588641668.95 1588641729.092
slackprediction 1588641431.287 1588641443.421 1588641599.652 1588641441.396 1588641597.635 1588641609.715 1588641443.4 1588641599.638 1588641611.718
slackprediction 1588641413.588 1588641433.714 1588641595.949 1588641431.694 1588641593.93 1588641604.01 1588641433.697 1588641595.931 1588641606.012
slackprediction 1588641275.726 1588641297.871 1588641496.154 1588641295.841 1588641494.132 1588641506.228 1588641297.847 1588641496.135 1588641508.232
slackprediction 1588641431.109 1588641445.236 1588641465.332 1588641443.215 1588641463.299 1588641599.535 1588641445.22 1588641465.304 1588641601.538
slackprediction 1588641275.941 1588641294.084 1588641498.369 1588641292.053 1588641496.345 1588641582.52 1588641294.056 1588641498.349 1588641584.522
slackprediction 1588641476.476 1588641562.694 1588641574.799 1588641560.664 1588641572.779 1588641584.898 1588641562.671 1588641574.781 1588641586.901
slackprediction 1588641467.296 1588641595.549 1588641605.641 1588641593.523 1588641603.622 1588641611.711 1588641595.53 1588641605.624 1588641613.714
slackprediction 1588641283.345 1588641301.796 1588641319.898 1588641298.585 1588641317.877 1588641341.98 1588641300.59 1588641319.881 1588641343.983
slackprediction 1588641287.018 1588641469.311 1588641483.415 1588641467.28 1588641481.392 1588641595.588 1588641469.286 1588641483.395 1588641597.591
slackprediction 1588641289.802 1588641407.404 1588641515.608 1588641404.02 1588641513.58 1588641585.732 1588641406.025 1588641515.583 1588641587.734
slackprediction 1588641499.239 1588641621.534 1588641631.628 1588641619.485 1588641629.607 1588641637.697 1588641621.491 1588641631.609 1588641639.702
slackprediction 1588641293.454 1588641317.612 1588641469.858 1588641315.57 1588641467.832 1588641543.988 1588641317.575 1588641469.835 1588641545.99
slackprediction 1588641499.329 1588641507.488 1588641517.595 1588641505.461 1588641515.574 1588641525.666 1588641507.467 1588641517.577 1588641527.669
slackprediction 1588641304.744 1588641483.022 1588641495.111 1588641480.998 1588641493.093 1588641505.178 1588641483.003 1588641495.095 1588641507.181
slackprediction 1588641307.343 1588641330.385 1588641480.616 1588641327.48 1588641478.597 1588641484.685 1588641329.485 1588641480.6 1588641486.687
slackprediction 1588641516.765 1588641522.91 1588641668.627 1588641520.875 1588641661.107 1588641672.692 1588641522.883 1588641663.111 1588641674.695
slackprediction 1588641525.164 1588641533.281 1588641547.359 1588641531.25 1588641545.341 1588641557.426 1588641533.254 1588641547.345 1588641559.428
slackprediction 1588641321.766 1588641476.047 1588641614.27 1588641474.02 1588641612.249 1588641638.362 1588641476.024 1588641614.251 1588641640.364
slackprediction 1588641323.933 1588641352.093 1588641368.199 1588641350.056 1588641366.18 1588641516.408 1588641352.06 1588641368.182 1588641518.411
slackprediction 1588641525.087 1588641533.211 1588641545.288 1588641531.194 1588641543.271 1588641553.35 1588641533.196 1588641545.273 1588641555.352
slackprediction 1588641332.809 1588641344.953 1588641357.058 1588641342.909 1588641355.027 1588641375.136 1588641344.916 1588641357.029 1588641377.138
slackprediction 1588641335.95 1588641476.204 1588641614.43 1588641474.176 1588641612.411 1588641652.529 1588641476.181 1588641614.413 1588641654.533
slackprediction 1588641547.676 1588641561.818 1588641684.025 1588641559.787 1588641681.999 1588641708.108 1588641561.793 1588641684.003 1588641710.112
slackprediction 1588641548.773 1588641560.926 1588641573.024 1588641558.896 1588641570.998 1588641581.099 1588641560.902 1588641573.002 1588641583.1
slackprediction 1588641341.71 1588641355.854 1588641516.102 1588641353.808 1588641514.082 1588641528.185 1588641355.814 1588641516.086 1588641530.188
slackprediction 1588641346.187 1588641364.325 1588641380.419 1588641362.298 1588641378.398 1588641514.618 1588641364.301 1588641380.401 1588641516.62
slackprediction 1588641348.107 1588641522.95 1588641601.124 1588641520.365 1588641599.101 1588641631.231 1588641522.371 1588641601.104 1588641633.234
slackprediction 1588641511.29 1588641517.426 1588641527.516 1588641515.396 1588641525.495 1588641533.6 1588641517.401 1588641527.498 1588641535.604
slackprediction 1588641351.429 1588641515.737 1588641529.834 1588641513.706 1588641527.812 1588641535.897 1588641515.713 1588641529.816 1588641537.901
slackprediction 1588641350.439 1588641517.661 1588641529.757 1588641515.631 1588641527.737 1588641537.821 1588641517.637 1588641529.739 1588641539.822
slackprediction 1588641547.679 1588641559.81 1588641569.905 1588641557.786 1588641567.881 1588641579.98 1588641559.792 1588641569.884 1588641581.984
slackprediction 1588641368.748 1588641523.019 1588641597.301 1588641520.989 1588641595.155 1588641605.387 1588641522.996 1588641597.157 1588641607.389
slackprediction 1588641581.765 1588641666.098 1588641676.188 1588641663.938 1588641674.172 1588641686.268 1588641665.941 1588641676.174 1588641688.272
slackprediction 1588641375.657 1588641391.809 1588641564.083 1588641389.772 1588641562.064 1588641568.148 1588641391.777 1588641564.065 1588641570.15
slackprediction 1588641379.725 1588641538.01 1588641546.11 1588641535.979 1588641544.088 1588641598.22 1588641537.985 1588641546.091 1588641600.221
slackprediction 1588641382.209 1588641400.338 1588641414.438 1588641398.314 1588641412.412 1588641564.225 1588641400.317 1588641414.414 1588641566.229
slackprediction 1588641383.923 1588641402.083 1588641412.179 1588641400.057 1588641410.153 1588641422.251 1588641402.061 1588641412.155 1588641424.253
slackprediction 1588641581.765 1588641595.911 1588641668.065 1588641593.879 1588641666.043 1588641674.121 1588641595.888 1588641668.045 1588641676.124
slackprediction 1588641581.746 1588641591.887 1588641597.971 1588641589.859 1588641595.955 1588641676.102 1588641591.863 1588641597.957 1588641678.104
slackprediction 1588641601.651 1588641699.847 1588641721.956 1588641697.822 1588641719.935 1588641732.035 1588641699.827 1588641721.938 1588641734.039
slackprediction 1588641396.435 1588641546.741 1588641554.832 1588641544.712 1588641552.809 1588641562.905 1588641546.717 1588641554.813 1588641564.91
slackprediction 1588641616.925 1588641625.077 1588641635.169 1588641623.046 1588641633.143 1588641643.24 1588641625.053 1588641635.147 1588641645.243
slackprediction 1588641398.707 1588641520.955 1588641601.127 1588641518.925 1588641599.105 1588641631.229 1588641520.932 1588641601.108 1588641633.231
